1000	1108.895101
1001	1653.395520
1002	1806.208417
1003	1424.591796
1004	1367.761110
1005	1566.213927
1006	1593.081032
1007	1506.507488
1008	1576.928516
1009	1578.185037
1010	1507.991137
1011	1773.523389
1012	1616.366655
1013	1606.530972
1014	1707.995315
1015	1691.294251
1016	1643.712632
1017	1704.407839
1018	1583.987538
1019	1726.872984
1020	1557.985601
1021	1496.986709
1022	1679.268062
1023	1645.262571
1024	1747.453617
1025	1892.460477
1026	1753.595042
1027	1703.072515
1028	1547.303067
1029	1801.610557
1030	1716.788960
1031	1650.145721
1032	1499.730721
1033	1696.179742
1034	1690.395341
1035	1678.643317
1036	1809.110468
1037	1568.877666
1038	1629.532896
1039	1791.841059
1040	1633.900277
1041	1859.728648
1042	1575.806122
1043	1822.497975
1044	1806.402544
1045	1414.522786
1046	1416.642990
1047	1497.495787
1048	1963.199940
1049	1777.767512
1050	1409.960519
1051	1478.136363
1052	1805.466554
1053	1776.596942
1054	1729.465790
1055	1968.443572
1056	1553.928425
1057	1581.335242
1058	1806.153073
1059	1552.404507
1060	1551.653537
1061	1749.943672
1062	1643.755194
1063	1620.788508
1064	1828.602680
1065	1528.947220
1066	1738.935432
1067	1572.034248
1068	1376.711505
1069	1644.002968
1070	1974.894670
1071	1743.490048
1072	1876.498204
1073	1931.450326
1074	1852.807684
1075	1923.830156
1076	2047.177988
1077	1637.392623
1078	1776.327362
1079	1772.269022
1080	1588.120655
1081	1818.925988
1082	1619.294503
1083	1650.463456
1084	1669.005105
1085	1747.662548
1086	1969.708444
1087	1762.702472
1088	1617.000233
1089	1630.045573
1090	1778.274736
1091	1608.438063
1092	1895.580837
1093	1908.119833
1094	1728.719328
1095	1538.079515
1096	1918.366387
1097	1903.965092
1098	1911.815719
1099	1701.593897
1100	1902.354032
1101	1720.913445
1102	1555.339122
1103	1913.054327
1104	1761.539057
1105	1617.906386
1106	1662.409666
1107	1706.032591
1108	1632.673206
1109	1941.324129
1110	1832.509104
1111	1440.866993
1112	1755.461150
1113	1670.510112
1114	1714.159376
1115	1905.863213
1116	1769.293289
1117	2004.304805
1118	1731.002850
1119	1997.906566
1120	1736.861655
1121	1880.823794
1122	1824.152986
1123	1971.220095
1124	1974.522246
1125	1430.994323
1126	1710.811764
1127	1710.635098
1128	1878.964501
1129	1543.811018
1130	1893.829185
1131	1466.420410
1132	1806.949672
1133	2019.141712
1134	1824.127726
1135	1933.404407
1136	1928.380120
1137	1989.161413
1138	1990.738522
1139	1936.299820
1140	1935.742453
1141	1773.666725
1142	1780.844842
1143	1735.712107
1144	1652.689014
1145	1794.811551
1146	1536.607450
1147	1728.238597
1148	1827.877293
1149	1638.034847
1150	1673.404021
1151	1894.640758
1152	1905.314418
1153	1873.716529
1154	1652.021968
1155	1607.371964
1156	1967.749837
1157	1560.803320
1158	1906.218382
1159	1766.570484
1160	1472.199535
1161	1835.669209
1162	1825.589033
1163	1360.175525
1164	1515.475072
1165	1800.763638
1166	1462.225193
1167	1902.914067
1168	1779.882168
1169	1727.974961
1170	1796.055864
1171	1984.499367
1172	2127.537799
1173	1807.652876
1174	2041.679606
1175	1788.677524
1176	1755.998359
1177	1651.806103
1178	1646.524641
1179	1599.418210
1180	1693.499348
1181	2024.387817
1182	1660.930388
1183	1837.488547
1184	1808.734466
1185	1740.105365
1186	1728.992227
1187	1726.822188
1188	1636.005059
1189	1688.642057
1190	1619.240424
1191	1654.527117
1192	1558.299628
1193	1915.780928
1194	1913.358273
1195	1629.497415
1196	1900.196039
1197	1951.991404
1198	1842.051758
1199	2080.982754
1200	1843.674933
1201	1665.815566
1202	2116.744915
1203	1907.530000
1204	1633.542568
1205	1615.492264
1206	2018.866241
1207	1608.623840
1208	1355.461462
1209	1934.910821
1210	1932.680464
1211	1844.368403
1212	1931.042080
1213	1727.109675
1214	1755.293281
1215	1934.406428
1216	1668.929665
1217	1910.323683
1218	1390.551474
1219	1988.789440
1220	1641.029195
1221	1612.914333
1222	1404.258035
1223	1922.177080
1224	1929.371774
1225	1878.063823
1226	1728.497964
1227	1997.448713
1228	1826.904789
1229	1938.198357
1230	1857.915287
1231	1762.811173
1232	1758.416578
1233	1952.919995
1234	1659.778824
1235	1868.839153
1236	1821.537860
1237	1686.885626
1238	1904.358295
1239	1867.721531
1240	1517.987542
1241	1689.885476
1242	1865.968352
1243	1500.966988
1244	1675.828429
1245	1910.620678
1246	1730.094426
1247	1464.995353
1248	1546.403082
1249	1955.629112
1250	1583.176893
1251	1532.022580
1252	1902.232887
1253	1960.038198
1254	1681.263367
1255	1790.356797
1256	1694.072353
1257	1834.766502
1258	1633.223749
1259	1945.371315
1260	1581.947765
1261	2084.672316
1262	1824.729498
1263	1948.113343
1264	1760.442701
1265	1675.147369
1266	1764.625667
1267	2017.330538
1268	1927.691587
1269	1695.596246
1270	1691.964515
1271	2117.209814
1272	1812.197209
1273	1755.215677
1274	1761.262768
1275	1668.714919
1276	1758.826577
1277	1947.211552
1278	2007.415435
1279	1851.905383
1280	1854.008455
1281	1863.173644
1282	1784.608458
1283	1726.002496
1284	1534.959736
1285	1910.311367
1286	1932.524731
1287	1478.418801
1288	1794.273726
1289	1772.294300
1290	1679.344189
1291	1830.793128
1292	1980.815552
1293	1915.564599
1294	2033.072659
1295	1836.488317
1296	1815.295236
1297	2013.934826
1298	1421.959737
1299	1925.714477
1300	1614.234286
1301	1839.847389
1302	1452.047729
1303	1794.789361
1304	1819.514526
1305	1535.572016
1306	1582.208276
1307	1925.934328
1308	1702.244988
1309	1850.119561
1310	1980.636755
1311	1861.839097
1312	1675.158603
1313	1719.590764
1314	1861.652694
1315	1436.242943
1316	1474.495435
1317	1642.109600
1318	1599.884109
1319	1785.265690
1320	1673.172875
1321	1509.703616
1322	1906.206693
1323	1633.802699
1324	1902.751960
1325	1712.673428
1326	1744.784065
1327	1774.303282
1328	1805.065746
1329	1751.518404
1330	1566.895227
1331	1464.234782
1332	1581.290413
1333	1709.269702
1334	1752.513260
1335	1927.537249
1336	1828.021843
1337	1908.001392
1338	1572.340877
1339	1889.584426
1340	1939.780074
1341	2025.174544
1342	1813.463501
1343	1917.035800
1344	1624.952984
1345	1621.303280
1346	1903.115192
1347	1903.106506
1348	2018.400944
1349	1783.416573
1350	1829.635876
1351	1743.546126
1352	1968.852281
1353	1589.784331
1354	1757.701606
1355	2017.369478
1356	1805.462882
1357	1856.569314
1358	1938.598036
1359	1886.966416
1360	1797.096494
1361	1738.266034
1362	1602.147776
1363	1539.610423
1364	1735.928123
1365	1690.544887
1366	2045.560242
1367	1917.175008
1368	1952.492327
1369	1947.250154
1370	1932.304247
1371	1932.586181
1372	1782.604800
1373	2084.854207
1374	1855.678101
1375	1730.474992
1376	1378.411145
1377	1701.454458
1378	1643.355217
1379	1930.532373
1380	1895.037776
1381	1980.386485
1382	1912.576728
1383	1799.747581
1384	1598.521946
1385	1931.019886
1386	1806.919606
1387	1867.533513
1388	1652.937679
1389	1697.661837
1390	1762.735378
1391	2046.041181
1392	1780.174886
1393	1643.837947
1394	1980.205526
1395	2103.484960
1396	2028.904178
1397	1598.502815
1398	1665.303135
1399	1797.796300
1400	1958.489297
1401	1425.707351
1402	1732.266254
1403	1742.804921
1404	1941.245529
1405	1764.294918
1406	1520.268391
1407	1933.301955
1408	1534.176239
1409	1910.532368
1410	1931.310741
1411	1836.336267
1412	1978.068285
1413	1855.304871
1414	1393.843125
1415	1913.774859
1416	1553.666149
1417	1695.692441
1418	1845.397302
1419	1746.135381
1420	1735.979783
1421	1934.335929
1422	1559.681094
1423	1626.199096
1424	1916.372916
1425	1695.452169
1426	1592.080888
1427	1776.852861
1428	1877.767757
1429	2009.261879
1430	1812.494021
1431	1586.246314
1432	1975.942292
1433	1899.127320
1434	1804.866169
1435	1793.757731
1436	1860.799418
1437	2039.460610
1438	1937.207394
1439	1746.466489
1440	1907.267821
1441	1924.352829
1442	1651.674628
1443	1920.309476
1444	1946.888986
1445	1837.572268
1446	1942.778039
1447	1730.934311
1448	1905.204697
1449	1815.879484
1450	1687.668717
1451	1905.943259
1452	1644.576258
1453	1974.237526
1454	1959.833993
1455	1347.936025
1456	1539.703590
1457	1954.121995
1458	1529.365546
1459	1717.709384
1460	1995.704713
1461	1910.352581
1462	2064.282146
1463	1710.708047
1464	1930.895425
1465	2009.746524
1466	1696.169840
1467	1667.467462
1468	1894.049718
1469	1732.352901
1470	1778.402873
1471	1904.541038
1472	1836.077550
1473	1787.723663
1474	1862.758525
1475	1842.531356
1476	1666.628470
1477	1742.729925
1478	1920.970002
1479	1792.350359
1480	2024.098583
1481	1916.586021
1482	1832.620326
1483	1703.437289
1484	1747.470396
1485	1393.848905
1486	1873.768691
1487	2040.357703
1488	1538.689200
1489	2033.326256
1490	1969.423198
1491	1679.232088
1492	1789.759979
1493	1508.443457
1494	1968.371148
1495	1872.358048
1496	1580.615122
1497	1694.468553
1498	1781.825387
1499	1641.192368
1500	1929.157009
1501	1794.754333
1502	1493.964072
1503	1502.682692
1504	1310.110009
1505	1743.949912
1506	1990.349943
1507	1841.075419
1508	1998.451596
1509	1608.563953
1510	1912.181635
1511	1782.432440
1512	1740.001452
1513	1943.654623
1514	1951.468827
1515	1880.245721
1516	1684.528121
1517	1550.408420
1518	1650.725854
1519	1761.488882
1520	1657.391409
1521	1711.087186
1522	1721.520818
1523	1744.629081
1524	1563.552167
1525	1455.770743
1526	1731.625334
1527	1641.259237
1528	1734.805338
1529	1805.255733
1530	1815.028768
1531	1773.231901
1532	1843.650362
1533	1933.054802
1534	1691.738188
1535	1996.849887
1536	1675.308415
1537	1983.039991
1538	1819.891491
1539	1791.357573
1540	1909.057044
1541	1720.853805
1542	1917.481024
1543	1551.441549
1544	1972.969727
1545	1762.636419
1546	1660.974137
1547	1558.471157
1548	1668.436255
1549	1932.837515
1550	1663.725488
1551	1612.541975
1552	1377.006285
1553	1815.720918
1554	1722.387472
1555	1776.969294
1556	1726.130269
1557	1559.897777
1558	1712.748661
1559	1799.952475
1560	1759.919776
1561	1914.793391
1562	1494.765262
1563	1702.454166
1564	1399.468816
1565	1272.721637
1566	1564.515104
1567	1775.851522
1568	1776.179131
1569	1605.189136
1570	1744.827637
1571	1850.783688
1572	1624.971386
1573	1590.161978
1574	1720.425872
1575	1576.218411
1576	1796.996362
1577	1416.640748
1578	1635.755067
1579	1619.872955
1580	1680.708861
1581	1388.094842
1582	1931.497890
1583	1990.727057
1584	1920.016980
1585	1937.192531
1586	2105.802665
1587	1631.848429
1588	1804.551429
1589	1821.155252
1590	1726.172083
1591	1706.749896
1592	1943.102773
1593	1920.415240
1594	1641.937277
1595	1830.263656
1596	1808.395814
1597	1853.764779
1598	1717.365895
1599	1972.091537
1600	1911.258481
1601	1876.643973
1602	2076.099206
1603	1775.308812
1604	1716.655369
1605	1909.600927
1606	1583.798147
1607	1744.359827
1608	2039.517630
1609	1841.503986
1610	1684.807418
1611	1494.566845
1612	1913.471903
1613	1953.503666
1614	1953.592004
1615	1974.075426
1616	1766.315094
1617	1444.560958
1618	1865.644531
1619	1778.905564
1620	1682.479345
1621	1820.118069
1622	1713.160664
1623	1982.335342
1624	1864.926738
1625	1993.350046
1626	1901.922191
1627	1980.154905
1628	1915.788027
1629	1558.292503
1630	1689.605733
1631	1573.036320
1632	1581.257333
1633	1895.747622
1634	1849.781973
1635	1675.691968
1636	1787.525592
1637	1719.185105
1638	1942.546709
1639	1797.217998
1640	1792.642099
1641	1680.385356
1642	1949.703436
1643	1677.476166
1644	1774.525653
1645	1617.790460
1646	1721.015414
1647	1972.893097
1648	1896.371678
1649	2021.563810
1650	1794.506903
1651	1399.545649
1652	1938.863780
1653	1761.864139
1654	1894.408583
1655	1622.862911
1656	1409.660908
1657	1597.637919
1658	1424.852828
1659	1686.544745
1660	1823.195006
1661	1660.916101
1662	1807.986454
1663	1557.693903
1664	1382.924431
1665	1645.734207
1666	1530.892473
1667	1982.124967
1668	1709.544056
1669	1880.719016
1670	1844.321837
1671	1716.044656
1672	1904.292433
1673	1790.507804
1674	1617.077737
1675	1969.228713
1676	1654.362045
1677	1999.680440
1678	1780.632703
1679	1837.517101
1680	1658.112661
1681	1668.102217
1682	1690.787601
1683	1800.724074
1684	1998.394950
1685	1875.414298
1686	1674.635887
1687	1673.822749
1688	1607.796420
1689	1788.258683
1690	1777.069546
1691	1648.013350
1692	1498.697137
1693	1746.911236
1694	1513.845552
1695	1645.411377
1696	1466.001500
1697	1909.091173
1698	1606.406309
1699	1753.955226
1700	1613.602362
1701	2011.934719
1702	1767.096485
1703	1778.680085
1704	1806.178203
1705	1622.366492
1706	1913.458866
1707	1748.315509
1708	1891.073772
1709	1727.477926
1710	1839.853899
1711	1774.281890
1712	1712.802181
1713	1819.145371
1714	1810.630058
1715	1965.828526
1716	1661.383084
1717	1826.334213
1718	1904.019211
1719	1905.165616
1720	1941.286973
1721	1719.904084
1722	1752.007126
1723	1577.252908
1724	1735.384001
1725	1706.267879
1726	1980.217912
1727	1738.385465
1728	2002.789866
1729	2025.702052
1730	1944.299392
1731	1472.051479
1732	1944.428582
1733	1708.881795
1734	1811.359229
1735	1963.203726
1736	1847.962893
1737	1753.859307
1738	1878.779750
1739	1711.319291
1740	1654.139501
1741	1779.394710
1742	1715.438431
1743	1925.762117
1744	1889.759422
1745	1752.180179
1746	1751.327184
1747	1658.027391
1748	1781.981365
1749	1908.190898
1750	1879.659792
1751	1771.690828
1752	1956.333043
1753	1556.001270
1754	1837.049389
1755	1877.034992
1756	1827.439238
1757	1934.242974
1758	1950.814456
1759	1801.124268
1760	1982.911540
1761	2030.267072
1762	1685.078034
1763	1906.723609
1764	1988.864087
1765	2005.535511
1766	1658.988404
1767	1952.108545
1768	2012.219332
1769	1720.300187
1770	1898.753078
1771	1942.809994
1772	2025.734657
1773	1712.107607
1774	1885.711480
1775	1897.586654
1776	2034.789407
1777	1897.568160
1778	1969.293397
1779	1839.704085
1780	1955.638087
1781	1762.248755
1782	1778.521213
1783	1784.829919
1784	1557.012182
1785	1924.175614
1786	2113.412686
1787	1775.748801
1788	1745.529230
1789	1647.459653
1790	1931.187915
1791	1668.301166
1792	1852.433170
1793	1975.134747
1794	1809.245419
1795	2115.279835
1796	1859.079405
1797	1897.907174
1798	1883.016119
1799	1688.193454
1800	2017.964991
1801	1912.151067
1802	1877.104986
1803	2024.197153
1804	1674.481661
1805	1936.130380
1806	1575.470702
1807	1755.668514
1808	1928.882737
1809	1920.948326
1810	2032.206356
1811	1832.203114
1812	1965.831276
1813	1964.187615
1814	1771.119167
1815	2068.337962
1816	2032.772166
1817	1761.953216
1818	1709.945631
1819	1999.892395
1820	1742.338319
1821	1854.249138
1822	1707.745759
1823	1688.066647
1824	1815.237057
1825	1953.369618
1826	1941.651611
1827	1765.714815
1828	1812.349810
1829	1695.486274
1830	1751.459338
1831	1897.470166
1832	1886.971037
1833	1886.181537
1834	1990.596468
1835	1566.963611
1836	1913.406959
1837	1382.898923
1838	1915.596416
1839	1910.123740
1840	1734.340360
1841	1880.796708
1842	1718.920692
1843	1661.461021
1844	1452.926171
1845	1863.134001
1846	2018.767221
1847	1828.717310
1848	1949.194299
1849	1608.788740
1850	1626.789789
1851	1975.072926
1852	1534.159042
1853	1931.414011
1854	2043.300917
1855	1905.605830
1856	1920.462994
1857	1909.633288
1858	1803.039034
1859	1933.469905
1860	1627.929128
1861	1664.721470
1862	1636.205189
1863	2082.918479
1864	1611.290378
1865	1702.142564
1866	1973.606252
1867	1909.863838
1868	1793.795184
1869	1756.713739
1870	1952.113373
1871	1994.368133
1872	1965.745339
1873	1904.840285
1874	1963.760110
1875	1780.967603
1876	1913.733387
1877	1953.390683
1878	1956.202467
1879	1629.882157
1880	1933.343287
1881	1672.063229
1882	1877.557320
1883	1942.549565
1884	1982.056028
1885	1914.446944
1886	2011.875118
1887	1775.080041
1888	1739.136663
1889	1959.416312
1890	1536.663676
1891	1887.542415
1892	1782.509036
1893	1921.813308
1894	1895.568514
1895	2023.101654
1896	1914.459265
1897	1907.667446
1898	1992.469783
1899	2011.907178
1900	1947.222519
1901	2063.131787
1902	1881.677783
1903	1834.353370
1904	1923.240440
1905	1751.714644
1906	1577.023081
1907	1929.925434
1908	1945.080572
1909	1622.163733
1910	1874.306580
1911	1876.604374
1912	2034.282434
1913	1750.335646
1914	2061.603134
1915	1522.975348
1916	1831.559568
1917	1757.685043
1918	1947.945312
1919	1889.610225
1920	1666.448374
1921	1803.815051
1922	1618.334001
1923	1877.236253
1924	2024.802274
1925	1955.397065
1926	2029.672094
1927	1776.975393
1928	1612.303017
1929	1584.149108
1930	1726.220709
1931	1731.366064
1932	1924.300859
1933	1768.499634
1934	1904.045005
1935	1871.781356
1936	1639.536236
1937	1776.165187
1938	1912.610841
1939	1749.806653
1940	1879.126533
1941	1742.571220
1942	1779.031487
1943	1946.228619
1944	1905.624339
1945	1931.194014
1946	1650.442045
1947	1726.043567
1948	1869.733689
1949	1704.366022
1950	1807.169261
1951	1901.179533
1952	1754.399315
1953	1615.512551
1954	1858.454847
1955	1822.847231
1956	1787.528786
1957	1953.860276
1958	1504.914058
1959	1659.230751
1960	1932.123490
1961	1645.639958
1962	1754.469257
1963	1927.800423
1964	1868.433021
1965	2016.385613
1966	1733.217163
1967	2121.828799
1968	1969.430318
1969	1524.502164
1970	1960.993711
1971	1814.234402
1972	1620.089149
1973	1779.957448
1974	1977.549576
1975	1671.974768
1976	1611.932237
1977	1968.687812
1978	1484.609530
1979	1313.429289
1980	1850.478859
1981	1580.051511
1982	1802.974669
1983	1786.882945
1984	1807.248450
1985	1605.459991
1986	1696.991927
1987	1950.276158
1988	1648.854474
1989	1574.998958
1990	1595.147485
1991	1743.889515
1992	1931.474619
1993	1787.247257
1994	1604.001881
1995	1383.012504
1996	1816.250739
1997	1935.105355
1998	1926.348112
1999	1958.096636
2000	1330.833801
2001	1522.189955
2002	1739.861471
2003	1760.717132
2004	2002.428284
2005	1985.351975
2006	1593.466406
2007	1697.926843
2008	1856.232726
2009	2016.692002
2010	1895.044456
2011	1804.214445
2012	1901.818515
2013	1427.538825
2014	1459.474216
2015	1714.240596
2016	1887.908733
2017	1291.183467
2018	1848.294060
2019	1702.680979
2020	1911.850936
2021	1673.379476
2022	1937.653559
2023	1774.130627
2024	1811.444484
2025	1920.316269
2026	1801.867900
2027	1253.238811
2028	1520.430992
2029	1519.403691
2030	1899.276792
2031	1594.380856
2032	1935.511691
2033	1831.225264
2034	1715.008781
2035	1789.867473
2036	2107.450986
2037	1972.944031
2038	1766.622589
2039	1422.611594
2040	1900.057024
2041	1479.590977
2042	1787.014404
2043	1897.369562
2044	1919.751320
2045	1778.348537
2046	1728.787604
2047	1913.515476
2048	2006.435847
2049	1826.518716
2050	1992.432454
2051	1506.549771
2052	2024.016963
2053	2050.053145
2054	1712.908491
2055	1906.523349
2056	1960.573686
2057	1700.101515
2058	1873.733022
2059	1579.325001
2060	1751.894508
2061	1980.981250
2062	1649.309903
2063	1796.618177
2064	1882.433686
2065	1583.203282
2066	1917.035567
2067	1649.320307
2068	1778.757638
2069	1915.380968
2070	1488.377610
2071	1836.365306
2072	1811.697767
2073	1913.109430
2074	1988.692717
2075	1689.346410
2076	1985.304300
2077	1836.003485
2078	1650.013193
2079	1906.736799
2080	1721.314435
2081	1595.601306
2082	1618.054644
2083	1637.084145
2084	1594.048988
2085	1665.628244
2086	1855.607711
2087	1715.784956
2088	2109.279670
2089	1675.902137
2090	1972.358804
2091	1960.825410
2092	1691.741229
2093	1660.935044
2094	2036.065084
2095	1634.065021
2096	1658.685120
2097	1642.532258
2098	2002.155838
2099	1995.943626
2100	1878.108866
2101	1614.206523
2102	2025.080102
2103	1965.115450
2104	1659.298521
2105	1421.908726
2106	1689.538751
2107	1980.255138
2108	2029.603999
2109	1464.310609
2110	1909.757233
2111	1972.208765
2112	1820.212335
2113	1866.808297
2114	1975.620264
2115	1789.216280
2116	2002.559831
2117	1921.001904
2118	1946.596498
2119	1975.137648
2120	1610.169922
2121	1662.713859
2122	1901.424549
2123	1628.047749
2124	2015.265295
2125	1834.601340
2126	1803.662876
2127	1857.711254
2128	1777.787440
2129	1886.914121
2130	1816.890235
2131	2081.413090
2132	1848.616231
2133	2047.080954
2134	1959.731618
2135	1751.182385
2136	1479.030938
2137	1898.504960
2138	1852.520479
2139	1672.487764
2140	1469.126440
2141	1527.834836
2142	1633.134439
2143	1771.424371
2144	1473.284769
2145	1770.204868
2146	1922.379533
2147	1726.437475
2148	1970.986640
2149	1845.998844
2150	1811.701009
2151	1812.251884
2152	1544.291056
2153	1666.180099
2154	1942.376278
2155	1905.323843
2156	1901.061563
2157	1892.736813
2158	1905.594590
2159	1713.303549
2160	1856.052641
2161	1921.216429
2162	2019.896717
2163	1738.180390
2164	1965.421162
2165	2034.349978
2166	1955.534241
2167	1956.180782
2168	2017.665987
2169	1980.017480
2170	1992.582918
2171	1923.638956
2172	1977.517725
2173	1948.911646
2174	1832.322301
2175	2094.363756
2176	1937.979309
2177	1764.313086
2178	2014.177627
2179	1623.172486
2180	1747.102098
2181	1583.992313
2182	1545.575530
2183	1491.516354
2184	1737.166465
2185	1634.056338
2186	1691.630510
2187	1785.570091
2188	1633.165932
2189	1838.035887
2190	1818.451832
2191	1726.087259
2192	1730.481415
2193	1867.671718
2194	1732.367507
2195	1538.245725
2196	1309.627987
2197	1932.110133
2198	1937.199832
2199	1872.677659
2200	1763.618005
2201	1747.461708
2202	1969.433477
2203	1696.691444
2204	1906.110247
2205	1913.326792
2206	1953.187972
2207	1931.040669
2208	1956.003573
2209	1599.008197
2210	1828.640193
2211	1603.565326
2212	1684.791498
2213	1637.560605
2214	1711.784425
2215	1618.033668
2216	1834.142761
2217	1875.337225
2218	1649.992343
2219	1842.818470
2220	1773.628384
2221	1760.268791
2222	1837.695993
2223	1798.473578
2224	1851.359622
2225	1873.763574
2226	1808.763835
2227	1606.593515
2228	1806.146803
2229	1685.816684
2230	1670.487365
2231	1735.876514
2232	1770.591662
2233	1867.051739
2234	1491.698292
2235	1809.293965
2236	1592.565493
2237	1934.741222
2238	1776.764303
2239	1598.521055
2240	1585.748024
2241	1595.805824
2242	1519.956496
2243	1513.168952
2244	1459.006255
2245	1468.639782
2246	1498.954194
2247	1744.450865
2248	1644.518465
2249	1923.196492
2250	1748.286265
2251	1661.011065
2252	1794.819596
2253	1757.110148
2254	1932.522047
2255	1408.509505
2256	1840.365685
2257	1737.839558
2258	1623.948762
2259	1796.275988
2260	1565.124086
2261	1805.456670
2262	1501.884111
2263	1636.928190
2264	1648.951193
2265	1731.193604
2266	1965.294078
2267	1944.428022
2268	1721.240142
2269	1773.181869
2270	1802.572851
2271	1738.802708
2272	1668.996609
2273	1516.961567
2274	2006.094087
2275	1720.539680
2276	1664.249193
2277	1965.030185
2278	1857.559107
2279	1813.198983
2280	1770.767142
2281	1974.950440
2282	1628.879628
2283	1992.306176
2284	1819.457322
2285	1844.216953
2286	1809.543708
2287	1597.859507
2288	1943.058453
2289	1869.605454
2290	1996.593813
2291	1461.749819
2292	1688.923711
2293	1683.707815
2294	1774.115747
2295	2073.538653
2296	1954.579305
2297	1854.592918
2298	1885.565229
2299	1682.123861
2300	1835.523298
2301	1655.806425
2302	1802.722021
2303	1999.759677
2304	1537.499684
2305	1579.032061
2306	1904.220175
2307	1733.126949
2308	2021.024893
2309	1486.255074
2310	1980.864690
2311	1815.980905
2312	1787.694983
2313	1861.223193
2314	1871.529098
2315	1925.116529
2316	1704.741468
2317	1838.123184
2318	1627.532194
2319	1933.612776
2320	1897.718530
2321	1715.782017
2322	1795.718459
2323	1550.693822
2324	1724.542854
2325	1782.561619
2326	1736.532964
2327	1693.192961
2328	1799.041683
2329	1962.659169
2330	1659.888836
2331	1907.367762
2332	1856.679886
2333	2143.913674
2334	1767.677972
2335	1950.981538
2336	1699.453227
2337	1907.772489
2338	2025.038202
2339	1612.718035
2340	1915.894112
2341	1967.475573
2342	1434.474618
2343	1979.702342
2344	1655.716565
2345	1803.586114
2346	1501.426199
2347	2005.425141
2348	1784.665880
2349	1831.912847
2350	1657.680169
2351	1917.750977
2352	1697.471116
2353	1856.068834
2354	2031.822672
2355	1951.050517
2356	1757.781715
2357	1913.331757
2358	1890.143288
2359	1781.581367
2360	1865.059496
2361	1870.722888
2362	1824.992578
2363	1637.807517
2364	1940.854181
2365	1776.600524
2366	1632.024860
2367	1299.746827
2368	2047.593636
2369	1587.111255
2370	1293.543003
2371	1477.690903
2372	1933.374217
2373	1784.050027
2374	1840.231851
2375	2032.892453
2376	1813.891300
2377	1772.494426
2378	1552.967697
2379	1912.471850
2380	1988.996336
2381	1906.497176
2382	2031.172918
2383	2101.137110
2384	1937.864137
2385	1574.901434
2386	1403.930534
2387	1651.068601
2388	1391.169064
2389	1457.595356
2390	1398.342265
2391	2049.339764
2392	1672.733881
2393	1559.821491
2394	1732.047706
2395	1675.833765
2396	1848.948146
2397	1707.673071
2398	1613.610797
2399	1898.666978
2400	2036.980832
2401	1946.095226
2402	1795.697564
2403	1476.491485
2404	1903.070101
2405	1491.391079
2406	1712.295430
2407	1538.048313
2408	1938.587582
2409	1436.900649
2410	1895.539772
2411	1714.361696
2412	1866.604820
2413	1686.017366
2414	1675.447393
2415	1942.465028
2416	1840.895409
2417	1690.947413
2418	1696.235382
2419	1688.984832
2420	1697.859848
2421	1614.988567
2422	1958.573354
2423	1737.327018
2424	1881.120558
2425	1768.813122
2426	1906.591106
2427	1768.695394
2428	1747.192055
2429	2027.902771
2430	1909.470265
2431	1784.986155
2432	1980.693626
2433	1925.906300
2434	1993.071753
2435	1675.022029
2436	1800.188474
2437	1640.027430
2438	1861.867665
2439	1858.261894
2440	1895.041473
2441	1878.229403
2442	1760.643309
2443	1800.883240
2444	2073.610514
2445	2075.365603
2446	1872.747312
2447	1941.702064
2448	2071.052873
2449	1900.528772
2450	1816.221057
2451	1765.350485
2452	1914.873903
2453	1501.019764
2454	1972.090659
2455	1909.752610
2456	1516.469727
2457	1743.916289
2458	1830.534667
2459	1641.782851
2460	1716.538481
2461	1898.900987
2462	1917.838177
2463	1727.953249
2464	1938.278103
2465	1943.714097
2466	1817.737579
2467	1865.983580
2468	1860.381039
2469	1962.057747
2470	1645.671896
2471	1929.322453
2472	1679.709287
2473	1907.550620
2474	2011.405513
2475	1925.949631
2476	1948.354111
2477	1948.527203
2478	1905.998426
2479	1808.155240
2480	1803.302122
2481	1852.741993
2482	1966.345680
2483	1820.233121
2484	1469.565938
2485	1641.519760
2486	1848.280608
2487	1632.296772
2488	1782.204138
2489	2118.553541
2490	1909.223902
2491	1583.284086
2492	1913.372727
2493	2062.944164
2494	1960.430912
2495	1681.623636
2496	1834.436306
2497	1887.749151
2498	1661.902872
2499	1753.878254
2500	2096.712193
2501	1688.044213
2502	1789.733484
2503	1660.002992
2504	1775.674516
2505	1606.460351
2506	1634.841927
2507	1735.677955
2508	1873.694645
2509	1659.446746
2510	2055.243804
2511	1979.485691
2512	1867.308118
2513	1915.131960
2514	2006.098552
2515	1819.039714
2516	1727.344015
2517	1751.037858
2518	1994.451472
2519	2080.293555
2520	2057.577098
2521	1472.650367
2522	1909.250259
2523	1978.112350
2524	1434.566463
2525	2003.015543
2526	1819.856602
2527	1592.518665
2528	1844.264339
2529	1912.305400
2530	1773.552764
2531	1655.503032
2532	2026.952173
2533	1561.578848
2534	1839.796673
2535	1841.903350
2536	1783.785328
2537	1908.385387
2538	1533.551891
2539	2046.033615
2540	1814.734942
2541	1979.316232
2542	1917.363808
2543	1926.038058
2544	1843.373523
2545	1672.678837
2546	1846.347175
2547	1922.831530
2548	1910.544622
2549	1945.537874
2550	2057.656077
2551	1621.088386
2552	1630.371964
2553	1732.824499
2554	1914.515372
2555	1741.829772
2556	1717.756472
2557	1873.512596
2558	1796.784840
2559	1764.774455
2560	1588.118834
2561	2085.131301
2562	1816.448706
2563	1784.527612
2564	1994.850639
2565	1727.009234
2566	1797.225764
2567	1814.125499
2568	1923.161812
2569	1817.996093
2570	1745.468217
2571	1806.180082
2572	1574.152420
2573	1798.392765
2574	2064.021689
2575	1726.699185
2576	1798.197383
2577	1903.900339
2578	1339.965006
2579	1419.170950
2580	2016.210290
2581	1930.065028
2582	1911.522739
2583	1501.115956
2584	1641.742660
2585	1558.840524
2586	1471.863067
2587	1970.552112
2588	1956.293957
2589	1818.182571
2590	1597.048696
2591	1733.996294
2592	1843.444408
2593	1836.350650
2594	1684.797541
2595	2129.747501
2596	2070.756842
2597	2034.715899
2598	1917.760729
2599	1785.633551
2600	1750.877899
2601	1778.735951
2602	1589.536116
2603	1735.061974
2604	1950.272911
2605	1783.868144
2606	1584.037110
2607	1959.656628
2608	1612.273621
2609	1989.722123
2610	1798.326288
2611	1972.758299
2612	1903.633948
2613	1952.428873
2614	1920.776589
2615	2024.254808
2616	1699.853944
2617	1900.111105
2618	2017.207888
2619	1772.305195
2620	1980.370689
2621	1857.170070
2622	1976.831397
2623	1964.646794
2624	1959.470525
2625	1706.612301
2626	1680.021963
2627	1802.900464
2628	1958.641227
2629	1981.226041
2630	1953.096932
2631	1687.900134
2632	1562.166695
2633	2045.733150
2634	1853.401822
2635	1837.836668
2636	1309.979766
2637	2113.203437
2638	1945.481295
2639	1901.568081
2640	1933.702177
2641	1683.233450
2642	1853.890995
2643	1535.088220
2644	2013.148483
2645	2052.106665
2646	1868.601609
2647	1958.866627
2648	1930.183240
2649	2019.714210
2650	1676.546277
2651	1543.537025
2652	1965.246529
2653	1731.466844
2654	1923.370999
2655	1753.183886
2656	1419.016977
2657	1843.217362
2658	1965.173216
2659	1707.092644
2660	1704.897461
2661	1444.920237
2662	1732.043742
2663	1531.253386
2664	1529.597560
2665	1444.929860
2666	1761.784198
2667	1952.139124
2668	1994.924961
2669	2004.507186
2670	2039.511452
2671	1794.409856
2672	1918.155723
2673	1987.271835
2674	2102.740676
2675	1800.803679
2676	1611.247086
2677	1614.769694
2678	1984.770675
2679	1921.608069
2680	1907.928791
2681	1601.735676
2682	1933.314089
2683	1358.472088
2684	1638.047478
2685	1344.816120
2686	1691.319829
2687	1898.308819
2688	1928.954623
2689	1687.642162
2690	1904.452649
2691	1899.072347
2692	2026.419348
2693	1971.747693
2694	1693.928414
2695	1792.152247
2696	1446.535318
2697	1503.427904
2698	1999.400191
2699	1778.191970
2700	1970.578836
2701	1972.069248
2702	1841.682759
2703	1916.945439
2704	1783.157668
2705	1663.434451
2706	1925.479661
2707	1501.389784
2708	1793.241149
2709	1472.272164
2710	1694.475526
2711	1934.925801
2712	1956.877558
2713	1841.245348
2714	2066.053902
2715	1913.755986
2716	2049.896034
2717	1865.678496
2718	1909.180013
2719	1507.719052
2720	2151.971583
2721	1741.005777
2722	1906.945502
2723	1811.866147
2724	1920.199557
2725	1965.259102
2726	1748.953957
2727	1987.315644
2728	1905.273782
2729	1965.714805
2730	1919.927567
2731	2184.453414
2732	1941.825169
2733	1985.294475
2734	1700.171671
2735	1927.839425
2736	1972.942303
2737	1994.390714
2738	1659.190570
2739	1383.886686
2740	1720.170883
2741	1814.094337
2742	1974.900850
2743	1995.271453
2744	1838.602979
2745	1892.685697
2746	1969.294215
2747	1857.155897
2748	2096.796932
2749	1930.596956
2750	1798.043890
2751	1625.870269
2752	1647.532534
2753	1914.518069
2754	2001.006347
2755	1810.859320
2756	2010.389417
2757	2043.726423
2758	2107.459514
2759	2089.489110
2760	2109.239143
2761	1772.288138
2762	1909.421698
2763	1903.861981
2764	2019.493113
2765	1958.982282
2766	1597.731354
2767	1907.258529
2768	1943.287690
2769	1786.398547
2770	1564.397020
2771	1798.217215
2772	1884.259491
2773	1747.666161
2774	1815.613421
2775	1885.268957
2776	1697.564811
2777	1806.459892
2778	1896.922818
2779	2024.451313
2780	2061.635805
2781	1810.770985
2782	1821.818950
2783	2007.021300
2784	1812.936088
2785	1664.084789
2786	1941.010118
2787	1921.813185
2788	1683.107191
2789	1956.242978
2790	1671.302798
2791	2065.168573
2792	2006.560707
2793	2029.906684
2794	1778.379910
2795	1724.584895
2796	1939.166341
2797	1777.013134
2798	1919.798173
2799	1927.033443
2800	1919.894273
2801	2003.524859
2802	1766.843223
2803	1892.208420
2804	1772.002462
2805	2002.664150
2806	1886.595674
2807	1821.578278
2808	1955.049453
2809	1928.958992
2810	1963.092623
2811	1920.885128
2812	1796.153096
2813	1817.693721
2814	1958.875522
2815	1932.495845
2816	1930.215391
2817	1756.952693
2818	1661.834722
2819	2108.185417
2820	2014.844996
2821	1899.823150
2822	1996.805011
2823	1871.090197
2824	1862.745626
2825	1894.695564
2826	2113.942528
2827	1978.440086
2828	1552.494723
2829	1712.624486
2830	2069.519399
2831	1940.561289
2832	1835.180230
2833	1781.638956
2834	1900.358981
2835	2026.354839
2836	2007.925910
2837	1642.167272
2838	2052.076099
2839	1866.149438
2840	1538.247470
2841	1951.940634
2842	1681.533399
2843	1978.703961
2844	2096.189187
2845	1941.742178
2846	1851.255689
2847	1782.918385
2848	1793.939212
2849	1880.266152
2850	1833.744408
2851	1637.989669
2852	1738.412733
2853	1529.193079
2854	1881.535971
2855	1734.407914
2856	1948.182412
2857	1637.186544
2858	1983.473210
2859	1993.539603
2860	1601.625812
2861	1936.877195
2862	1941.365113
2863	1736.835517
2864	1631.782993
2865	1945.479405
2866	1745.415446
2867	1675.307919
2868	1957.148420
2869	1814.090754
2870	1940.303449
2871	1529.422645
2872	2078.181455
2873	1722.100599
2874	1948.721692
2875	1801.536066
2876	1584.835431
2877	1792.467993
2878	1810.242522
2879	1942.778467
2880	1990.306031
2881	1818.225439
2882	1986.995361
2883	1921.120627
2884	1829.617017
2885	1786.648523
2886	1906.194188
2887	1941.769749
2888	2014.107971
2889	2122.457375
2890	1986.287900
2891	1755.703031
2892	1591.065723
2893	1975.770209
2894	1727.798568
2895	1819.640291
2896	1997.972661
2897	1908.550913
2898	2138.472261
2899	2085.527576
2900	1905.321376
2901	1928.428866
2902	1906.068430
2903	1797.239161
2904	1460.697886
2905	1872.479929
2906	1947.309043
2907	1578.085208
2908	1941.998529
2909	1496.452958
2910	1684.312458
2911	1637.562554
2912	1906.559223
2913	2014.611457
2914	1662.034532
2915	2062.172780
2916	1909.903104
2917	1903.318802
2918	1619.264868
2919	1969.256872
2920	1823.212902
2921	2064.129229
2922	2041.916483
2923	1760.087598
2924	1772.372817
2925	1946.866191
2926	1713.457899
2927	1940.285479
2928	1901.004596
2929	1825.519128
2930	1956.637953
2931	1875.668250
2932	1916.400327
2933	2019.743413
2934	1994.389683
2935	1707.177350
2936	2058.223862
2937	2039.474022
2938	1922.386602
2939	1899.260418
2940	1723.307064
2941	1492.495784
2942	1826.977917
2943	1977.361871
2944	2018.598318
2945	1672.975503
2946	1988.150730
2947	1909.882389
2948	1558.171782
2949	2002.632279
2950	2006.183509
2951	1620.091861
2952	1865.361310
2953	1833.631453
2954	1660.897836
2955	1515.639217
2956	1921.737237
2957	1804.552348
2958	1754.763252
2959	1617.606373
2960	1678.305741
2961	1777.128338
2962	1668.403092
2963	1638.040713
2964	1921.914603
2965	1593.006963
2966	2176.722001
2967	2288.234300
2968	1975.277523
2969	2087.938053
2970	1949.888983
2971	1840.878741
2972	1790.819751
2973	1675.851480
2974	1858.667169
2975	1796.057893
2976	1825.042418
2977	1937.152119
2978	1793.879057
2979	1916.767336
2980	1930.164360
2981	1921.374335
2982	2052.629539
2983	1941.058849
2984	2015.285187
2985	1738.821538
2986	2002.844087
2987	1952.749532
2988	1843.400093
2989	2097.581674
2990	1816.290515
2991	1903.169521
2992	1945.984828
2993	1486.485383
2994	1743.002708
2995	1927.847650
2996	1507.316393
2997	1965.408440
2998	1884.459149
2999	1848.967931
3000	2053.589554
3001	1829.401128
3002	1783.973225
3003	1704.880801
3004	1964.007890
3005	1918.938464
3006	1505.118183
3007	1844.406657
3008	1950.938466
3009	1631.199714
3010	1946.461407
3011	1953.685229
3012	1811.179657
3013	1946.746764
3014	1798.713977
3015	1986.853984
3016	1864.377505
3017	1842.409889
3018	2045.231482
3019	1618.944231
3020	1658.020007
3021	1778.870462
3022	1627.636403
3023	1798.979788
3024	1736.354550
3025	1872.050110
3026	1790.955190
3027	1665.091140
3028	1950.586613
3029	1964.197058
3030	1313.287295
3031	1617.389495
3032	1247.587666
3033	1918.351988
3034	1991.968988
3035	1836.728347
3036	1499.766508
3037	2003.970653
3038	1930.513662
3039	1827.182587
3040	1686.668641
3041	1511.188644
3042	1773.125601
3043	1981.139409
3044	1634.368735
3045	1851.541217
3046	1893.421204
3047	1816.424557
3048	1770.735203
3049	1520.038900
3050	1359.815665
3051	1652.807356
3052	1663.465523
3053	1958.368273
3054	1670.910049
3055	1863.655161
3056	1880.252141
3057	2008.945193
3058	1855.078057
3059	1856.211971
3060	1780.356094
3061	1670.081816
3062	1477.104419
3063	2076.110650
3064	1794.755822
3065	2013.007792
3066	1744.808495
3067	1908.750760
3068	1712.124265
3069	1492.246265
3070	1406.731421
3071	1669.322910
3072	1981.686974
3073	1725.945966
3074	1771.188620
3075	1787.494026
3076	1935.407339
3077	1477.841853
3078	1491.168992
3079	1987.973732
3080	1690.058495
3081	1824.486380
3082	1916.326072
3083	1623.733977
3084	1691.454455
3085	1513.138056
3086	1445.391002
3087	1613.392726
3088	1667.638543
3089	1755.899209
3090	1482.501820
3091	1802.856944
3092	1850.859651
3093	1856.487790
3094	1286.243727
3095	1486.049009
3096	1491.926404
3097	1941.500900
3098	1798.449211
3099	1711.523776
3100	1512.201620
3101	1928.412889
3102	2131.448372
3103	1847.479422
3104	1907.293918
3105	1764.514235
3106	2090.534242
3107	1680.795701
3108	1990.307318
3109	1961.828937
3110	1960.042838
3111	1979.316133
3112	1818.615479
3113	1825.146295
3114	1955.547776
3115	1845.581872
3116	1736.208316
3117	1689.097956
3118	1766.458744
3119	1744.845421
3120	1904.086098
3121	2104.144954
3122	1734.531186
3123	1761.542694
3124	1910.194580
3125	1506.469998
3126	1435.172576
3127	1926.026022
3128	1779.956039
3129	1601.157261
3130	1675.236682
3131	2030.441105
3132	1480.612184
3133	1578.782521
3134	1681.721225
3135	1983.663346
3136	1837.377207
3137	2017.134343
3138	1661.928049
3139	1914.565822
3140	1942.493041
3141	1925.502311
3142	1946.586900
3143	1713.801362
3144	1876.675639
3145	2180.655669
3146	1716.587794
3147	2021.235241
3148	2008.382478
3149	1945.406974
3150	1828.389265
3151	1854.221434
3152	2005.325636
3153	1841.651972
3154	1598.772877
3155	1865.704814
3156	2060.722282
3157	1938.256740
3158	1829.049419
3159	1841.543549
3160	1939.107547
3161	1653.718130
3162	2059.033482
3163	2143.410657
3164	1920.240240
3165	1767.147081
3166	1907.813232
3167	1824.461618
3168	1963.444000
3169	1628.895897
3170	1790.757898
3171	1936.851869
3172	1898.409802
3173	1507.679845
3174	1724.120427
3175	1941.811302
3176	1381.187675
3177	1808.735409
3178	2008.094614
3179	1923.544841
3180	1582.147360
3181	1923.347356
3182	1730.409903
3183	1657.488248
3184	2074.242131
3185	1899.851349
3186	1596.444846
3187	1428.216677
3188	2022.755822
3189	1926.161620
3190	1785.294539
3191	1814.587087
3192	1849.599764
3193	1716.778184
3194	1477.127484
3195	1929.614546
3196	1687.508919
3197	1913.318796
3198	1920.837353
3199	1758.442625
3200	1949.449678
3201	1768.056170
3202	1683.847919
3203	1594.841137
3204	1983.715332
3205	2000.345531
3206	1987.579277
3207	1858.100731
3208	1655.269781
3209	2089.762624
3210	1494.023000
3211	1821.352968
3212	1973.910575
3213	1741.325560
3214	2085.846153
3215	2085.741720
3216	2032.158932
3217	1943.870592
3218	2033.155996
3219	1607.566493
3220	1754.220676
3221	1705.910647
3222	1740.016987
3223	2000.064168
3224	1616.834050
3225	1898.685634
3226	1787.837254
3227	1967.386027
3228	1939.971548
3229	1975.292032
3230	1800.447429
3231	2099.169627
3232	2072.940439
3233	1659.728303
3234	1694.074158
3235	1863.252868
3236	2138.252592
3237	1981.244714
3238	1894.667446
3239	1749.160483
3240	1953.104814
3241	1827.057934
3242	1828.965825
3243	1976.661663
3244	1876.378901
3245	2002.519061
3246	2123.419343
3247	1918.182720
3248	1869.138787
3249	1936.330296
3250	1727.810245
3251	2022.547831
3252	1670.340771
3253	1698.388139
3254	1694.771276
3255	1748.514632
3256	1711.291256
3257	1838.986971
3258	1673.532664
3259	1769.884505
3260	1924.054866
3261	1706.216078
3262	1738.381366
3263	1730.830726
3264	1516.388992
3265	1873.740870
3266	1962.990319
3267	1683.511592
3268	1653.954241
3269	1977.193382
3270	1751.127496
3271	2084.131834
3272	2005.633093
3273	1794.219900
3274	1974.340568
3275	1736.516794
3276	1665.895961
3277	1692.613569
3278	1739.101153
3279	1739.325018
3280	1567.452403
3281	1692.451914
3282	1799.985350
3283	2041.192548
3284	2040.242136
3285	1939.572166
3286	1629.205839
3287	1963.404822
3288	1997.693645
3289	1953.320794
3290	1801.266075
3291	1738.843520
3292	1645.798568
3293	2157.299321
3294	1825.520122
3295	1637.078706
3296	1966.692716
3297	1840.470550
3298	1824.994718
3299	1599.561627
3300	1733.978805
3301	1785.627346
3302	1419.571218
3303	1944.404532
3304	1788.048042
3305	1808.225535
3306	1962.162416
3307	1691.901555
3308	1875.947492
3309	1937.406149
3310	1779.710603
3311	1613.621245
3312	1840.257452
3313	1742.300017
3314	1764.816232
3315	1943.948676
3316	1736.356480
3317	1949.055221
3318	2007.348850
3319	2023.637128
3320	1642.920436
3321	1831.322113
3322	1813.049656
3323	2044.287394
3324	2080.647996
3325	1466.026470
3326	1724.900184
3327	1677.710301
3328	1860.506126
3329	1874.489271
3330	1943.177100
3331	1592.568088
3332	1801.769847
3333	1916.936851
3334	1866.224708
3335	1786.176469
3336	1921.603742
3337	1991.198489
3338	1573.606708
3339	1992.925786
3340	1761.925754
3341	1852.975840
3342	1728.919809
3343	1937.285249
3344	1977.950776
3345	1903.119576
3346	1830.173434
3347	1837.320144
3348	1656.678839
3349	1882.784148
3350	1970.636693
3351	1900.992192
3352	1705.109008
3353	2021.693603
3354	1697.787200
3355	2079.124063
3356	1785.359721
3357	1969.430890
3358	1929.710612
3359	1757.628992
3360	2089.277083
3361	1932.145787
3362	1717.013427
3363	1573.108608
3364	1462.894038
3365	1803.961464
3366	1688.178776
3367	1725.731017
3368	1844.826931
3369	2003.797390
3370	1951.992007
3371	1777.318580
3372	1567.033755
3373	1796.736271
3374	2000.445933
3375	2070.864383
3376	2117.113983
3377	2121.437637
3378	2021.151706
3379	1819.661707
3380	1906.906849
3381	1799.975773
3382	1945.020960
3383	1646.787288
3384	2006.544332
3385	1873.875946
3386	1697.502598
3387	1851.325245
3388	2040.031196
3389	1961.230832
3390	1679.198132
3391	2143.763799
3392	1949.774047
3393	1812.088746
3394	1912.484568
3395	2044.029491
3396	1907.979748
3397	1717.319806
3398	1806.671401
3399	2041.853293
3400	1903.126982
3401	1902.657488
3402	2032.142216
3403	2060.494528
3404	1843.305816
3405	2008.061752
3406	2013.165381
3407	1891.376785
3408	2035.981793
3409	2117.002290
3410	1927.892471
3411	1669.397632
3412	2092.732073
3413	2090.799214
3414	1689.086507
3415	1751.162376
3416	1715.217543
3417	1922.900974
3418	2102.554735
3419	2078.146053
3420	1668.744071
3421	1786.067550
3422	1840.508021
3423	1793.674436
3424	2135.025913
3425	1680.813131
3426	1915.217080
3427	1670.877387
3428	2141.094349
3429	2094.775061
3430	1967.068663
3431	2031.639401
3432	1835.610378
3433	1669.991011
3434	2059.688975
3435	1913.224740
3436	1682.757943
3437	1646.521463
3438	1499.033191
3439	2005.810898
3440	2024.200391
3441	2000.089329
3442	1912.429237
3443	2016.801252
3444	1599.560833
3445	1693.053481
3446	1703.987567
3447	2001.815600
3448	1878.983024
3449	1841.757345
3450	1762.022893
3451	1820.352436
3452	1740.287912
3453	2008.714363
3454	1709.586525
3455	1927.682213
3456	1774.030999
3457	1567.931315
3458	1642.433026
3459	1905.327350
3460	1828.524811
3461	1591.848493
3462	1959.098466
3463	1665.151391
3464	2021.956008
3465	1937.632805
3466	1704.558856
3467	2101.304827
3468	1668.273895
3469	1847.074273
3470	2129.062118
3471	2120.304727
3472	1922.737698
3473	1693.954815
3474	1656.537077
3475	1959.326079
3476	2207.262921
3477	2003.035360
3478	1713.923576
3479	2017.461853
3480	1557.930646
3481	1594.216438
3482	2084.798762
3483	1755.345932
3484	1915.833291
3485	1891.143630
3486	1903.454927
3487	1686.406332
3488	1766.311412
3489	1917.272531
3490	1904.343361
3491	1903.507973
3492	2001.244160
3493	1668.888728
3494	1832.641999
3495	1934.913242
3496	1578.485022
3497	1842.499950
3498	1679.231033
3499	2009.190636
3500	1963.772628
3501	2045.903058
3502	1971.638307
3503	2019.936558
3504	2118.677330
3505	1567.044680
3506	1957.188458
3507	1667.741751
3508	1976.241913
3509	1963.875716
3510	1978.925024
3511	2125.346448
3512	2074.117362
3513	2031.909593
3514	2013.607027
3515	1769.859450
3516	2187.633259
3517	1578.935064
3518	1485.875050
3519	1716.073926
3520	1993.393625
3521	1833.874902
3522	1570.387253
3523	2025.159063
3524	1774.752327
3525	1754.580479
3526	1980.695451
3527	1918.020938
3528	1742.778729
3529	1802.859438
3530	1992.926925
3531	1934.586848
3532	1911.537840
3533	1648.879552
3534	2125.203066
3535	1764.240008
3536	1611.810213
3537	1772.305725
3538	1985.582077
3539	2031.269773
3540	1694.076462
3541	2049.792368
3542	2019.824437
3543	1831.182516
3544	1852.682655
3545	1734.857021
3546	1921.757566
3547	1945.577956
3548	1977.190757
3549	1998.481343
3550	1901.754578
3551	1671.830142
3552	1961.685396
3553	1726.011829
3554	2027.132466
3555	1966.110694
3556	1943.721846
3557	1819.274891
3558	1789.041596
3559	1985.985918
3560	1796.408215
3561	1798.934803
3562	1877.616222
3563	1755.661975
3564	1734.925125
3565	1770.609182
3566	1681.613503
3567	1953.826923
3568	1599.641306
3569	2059.538456
3570	1969.784927
3571	1964.264298
3572	1729.913877
3573	1976.195174
3574	1689.740199
3575	1794.703846
3576	2019.486603
3577	2080.750207
3578	2018.652879
3579	1708.552709
3580	1925.968930
3581	2014.423244
3582	1970.385655
3583	2049.233390
3584	1686.268058
3585	2049.468182
3586	1939.348093
3587	2075.826087
3588	2007.794407
3589	1426.225265
3590	1918.454430
3591	1680.470684
3592	2026.182795
3593	2024.728734
3594	1943.803770
3595	1950.431115
3596	1905.592343
3597	1701.657431
3598	2006.360091
3599	1795.395395
3600	1928.434516
3601	1704.753401
3602	1705.495306
3603	1824.749276
3604	1997.033978
3605	1847.444110
3606	1919.490925
3607	2238.197460
3608	1948.996151
3609	1952.778729
3610	1836.752451
3611	1672.143373
3612	1831.477756
3613	1705.030085
3614	1706.111388
3615	1632.748844
3616	1602.035681
3617	1909.961725
3618	1537.117792
3619	1670.396393
3620	1460.795217
3621	1817.078500
3622	1807.017906
3623	1903.589114
3624	1609.547224
3625	1846.634412
3626	1551.966253
3627	1452.907847
3628	1588.472091
3629	1776.372917
3630	1912.286543
3631	1958.811826
3632	1262.988257
3633	1985.661262
3634	1854.723857
3635	1926.668007
3636	1970.077344
3637	1517.417517
3638	1924.310876
3639	1904.530187
3640	2003.114142
3641	1581.966582
3642	2000.797582
3643	1996.086713
3644	1913.913546
3645	2001.230026
3646	1585.026168
3647	2037.109301
3648	1959.665774
3649	1831.531881
3650	1452.945762
3651	1690.208960
3652	1699.729955
3653	1819.104978
3654	1712.195544
3655	1757.905466
3656	1900.391430
3657	2001.504095
3658	1888.759236
3659	1791.530214
3660	1545.557414
3661	1745.481225
3662	1853.528368
3663	1544.839431
3664	1597.397812
3665	1668.079856
3666	1708.704765
3667	1683.284194
3668	1742.477290
3669	1895.014367
3670	1669.240103
3671	1713.820824
3672	1475.527134
3673	1287.899219
3674	2044.011760
3675	1931.016086
3676	1712.638882
3677	1961.357358
3678	1818.531351
3679	1884.170849
3680	1757.507020
3681	1863.335487
3682	1838.660947
3683	1943.342319
3684	1783.719887
3685	1869.782019
3686	1875.422824
3687	1910.801794
3688	1969.687863
3689	2085.537662
3690	1982.679976
3691	1743.910449
3692	1647.952212
3693	1928.319851
3694	1883.058718
3695	1911.481316
3696	2025.405519
3697	1958.215046
3698	1937.340499
3699	2007.189756
3700	1924.117057
3701	1894.297940
3702	1875.016848
3703	1957.409620
3704	2061.917636
3705	1899.527641
3706	1764.040897
3707	1921.348798
3708	2014.430001
3709	1914.723093
3710	1969.980545
3711	1969.371891
3712	2139.206455
3713	1603.821593
3714	1858.401387
3715	2075.505412
3716	1649.407419
3717	1917.858566
3718	1906.581525
3719	1923.041013
3720	1625.096908
3721	1978.809547
3722	1824.156621
3723	1691.704694
3724	2021.681466
3725	2012.751291
3726	1913.839620
3727	2023.232224
3728	1775.331578
3729	1985.678490
3730	1933.718199
3731	1972.228924
3732	2123.279159
3733	1918.967592
3734	1526.393262
3735	1943.245014
3736	1899.129960
3737	1745.361976
3738	1887.080826
3739	2002.189115
3740	1839.181863
3741	2038.664035
3742	1971.228920
3743	1868.259183
3744	1794.141547
3745	1793.709648
3746	1755.797916
3747	1940.485253
3748	1588.573526
3749	1392.244048
3750	1547.097091
3751	1600.995864
3752	1784.509357
3753	1904.930618
3754	1675.399435
3755	1945.336570
3756	1989.475944
3757	2086.432426
3758	1782.200291
3759	1766.189347
3760	1938.992946
3761	1861.518311
3762	1968.360590
3763	1943.622209
3764	2047.911814
3765	1578.989142
3766	1809.451652
3767	1696.969526
3768	1906.732070
3769	1689.325171
3770	1756.114116
3771	1817.924122
3772	1669.678885
3773	1683.339393
3774	1870.397265
3775	1946.622104
3776	1797.646681
3777	1851.413366
3778	1772.962345
3779	1777.578937
3780	2010.193299
3781	1431.711695
3782	1383.899920
3783	1429.548466
3784	1758.591669
3785	1597.999350
3786	1305.940613
3787	1649.243489
3788	1608.155606
3789	1456.280027
3790	1511.093932
3791	1897.354861
3792	1918.036416
3793	1607.855552
3794	1993.262936
3795	1574.550452
3796	1555.592314
3797	1583.038496
3798	1829.800700
3799	1910.175884
3800	957.343916
3801	1091.055416
3802	1636.568215
3803	1720.632898
3804	1765.538432
3805	1910.273675
3806	1636.068734
3807	1614.648054
3808	1813.577062
3809	1895.309805
3810	1506.944758
3811	1924.665293
3812	1957.159727
3813	1913.163201
3814	2002.070340
3815	1896.517053
3816	1977.652472
3817	1869.836533
3818	1953.607038
3819	1957.447109
3820	1905.531310
3821	1865.770098
3822	1877.518076
3823	1886.096060
3824	1745.384241
3825	2023.881670
3826	1935.636649
3827	1875.769905
3828	1775.135309
3829	1874.900363
3830	1924.938870
3831	1910.179212
3832	1990.181998
3833	1785.090156
3834	1907.796723
3835	1958.205301
3836	1760.936913
3837	1550.001734
3838	1512.561157
3839	1533.099357
3840	1512.364823
3841	1516.914868
3842	1726.709920
3843	2031.534503
3844	1821.361832
3845	1752.875687
3846	1792.103060
3847	1941.803387
3848	1849.193607
3849	1809.077632
3850	1967.511836
3851	1894.204372
3852	1648.736137
3853	1985.976445
3854	1685.677667
3855	1679.328587
3856	1596.345308
3857	1736.264964
3858	1751.738252
3859	1704.530376
3860	1907.194669
3861	1922.600251
3862	1905.610856
3863	1940.889261
3864	1526.365099
3865	2040.827903
3866	1780.418898
3867	1853.879715
3868	1946.574347
3869	1746.123649
3870	1986.650708
3871	1891.099281
3872	1795.260136
3873	1960.309564
3874	1818.264668
3875	1825.593278
3876	1661.063979
3877	1626.553153
3878	2023.372255
3879	1941.558639
3880	1563.892231
3881	1547.268488
3882	2071.103163
3883	1787.143066
3884	1569.679563
3885	1568.756602
3886	1736.531720
3887	1832.228653
3888	1718.716728
3889	1856.813131
3890	1777.754685
3891	1500.000000
3892	1900.071174
3893	1877.994032
3894	1872.062699
3895	1945.750968
3896	1804.050782
3897	1967.638323
3898	1941.108329
3899	1915.576041
3900	2052.638882
3901	1719.768702
3902	1793.362267
3903	1840.733438
3904	1745.737568
3905	1783.614338
3906	2040.833290
3907	1708.516651
3908	1992.525951
3909	1910.672292
3910	1747.797501
3911	1939.604282
3912	2056.123113
3913	1407.876689
3914	1509.391426
3915	1814.810712
3916	1405.110542
3917	1483.717315
3918	1596.752901
3919	1640.514888
3920	1746.491571
3921	1972.589863
3922	1678.200340
3923	1908.175438
3924	1913.744644
3925	1708.277825
3926	2074.670848
3927	1926.458908
3928	1864.505680
3929	1852.630519
3930	1906.895416
3931	1635.713242
3932	1818.119388
3933	1561.307979
3934	1789.617035
3935	1607.410991
3936	1557.083070
3937	1694.428627
3938	1531.959450
3939	1844.557476
3940	1722.357268
3941	1741.101280
3942	1572.586848
3943	1562.843988
3944	1604.980569
3945	1631.883436
3946	1891.305626
3947	1541.766175
3948	1590.220264
3949	1644.524812
3950	1568.100152
3951	1542.939177
3952	1677.729600
3953	1652.284664
3954	1668.510317
3955	1608.574887
3956	1703.223776
3957	1652.617482
3958	1691.024807
3959	1835.856534
3960	1798.284063
3961	1924.193662
3962	2005.558455
3963	2057.918917
3964	1922.255086
3965	1511.495349
3966	1848.176545
3967	2149.481291
3968	2057.500020
3969	2015.919347
3970	1834.225072
3971	1721.409798
3972	1801.025614
3973	1747.197076
3974	1762.409555
3975	1882.267541
3976	1689.699965
3977	2057.725473
3978	1554.613703
3979	1658.320751
3980	1402.413653
3981	1636.196520
3982	1609.670538
3983	1451.810902
3984	1460.564640
3985	1989.274215
3986	1765.895265
3987	2055.569797
3988	1912.979035
3989	1793.579233
3990	1984.854325
3991	1715.863564
3992	1956.912870
3993	1854.832502
3994	1386.050865
3995	2048.327670
3996	1977.723251
3997	2001.486121
3998	1937.725288
3999	1964.429256
4000	1933.590108
4001	1921.122370
4002	1910.578962
4003	1881.742078
4004	1636.674584
4005	2043.566571
4006	1845.372995
4007	1904.526095
4008	1932.323178
4009	1575.093108
4010	1709.814936
4011	1552.813401
4012	1990.320616
4013	1966.453261
4014	1772.272120
4015	1673.347816
4016	1664.244237
4017	1853.655460
4018	1902.080972
4019	1751.654816
4020	1857.346059
4021	1953.126641
4022	1652.108073
4023	1763.765841
4024	1693.375890
4025	1983.502025
4026	1878.785395
4027	1752.305802
4028	1771.896633
4029	1681.610027
4030	1500.000000
4031	1822.846117
4032	1964.865132
4033	1712.779468
4034	1695.398456
4035	1770.037234
4036	1932.865478
4037	1944.432456
4038	1693.343626
4039	1751.470493
4040	1988.578186
4041	1682.951917
4042	1764.337340
4043	1941.101236
4044	1749.670611
4045	1929.838166
4046	2088.300091
4047	1775.762187
4048	1911.594670
4049	1966.481308
4050	1905.002472
4051	1756.708164
4052	1968.503291
4053	1827.002814
4054	1801.227231
