3055
1000	1092.651860
1001	1654.169754
1002	1817.690253
1003	1423.734017
1004	1348.002993
1005	1563.143713
1006	1590.273511
1007	1513.345093
1008	1591.028955
1009	1594.310688
1010	1502.910655
1011	1781.699939
1012	1640.962692
1013	1623.284386
1014	1721.793034
1015	1686.901116
1016	1649.283997
1017	1697.868834
1018	1584.020110
1019	1731.491075
1020	1542.455039
1021	1477.355903
1022	1658.277685
1023	1639.954103
1024	1741.097919
1025	1891.437750
1026	1744.431494
1027	1687.016128
1028	1542.341105
1029	1797.163583
1030	1701.087111
1031	1619.111616
1032	1472.508382
1033	1681.104970
1034	1700.490783
1035	1682.448149
1036	1782.565596
1037	1542.934333
1038	1612.092577
1039	1788.903414
1040	1627.282190
1041	1886.966981
1042	1645.318375
1043	1817.600750
1044	1786.704786
1045	1410.306313
1046	1412.483789
1047	1481.913614
1048	1968.268156
1049	1789.278989
1050	1400.723306
1051	1485.656420
1052	1802.189174
1053	1814.605247
1054	1722.179947
1055	1968.631849
1056	1559.158634
1057	1568.863416
1058	1792.611345
1059	1567.693707
1060	1539.183684
1061	1755.862701
1062	1640.810450
1063	1639.679297
1064	1832.633671
1065	1514.689861
1066	1725.776298
1067	1567.675718
1068	1367.015003
1069	1632.662608
1070	2013.745042
1071	1748.347971
1072	1867.249894
1073	1941.896755
1074	1883.355709
1075	1938.314613
1076	2102.654755
1077	1611.525158
1078	1764.263139
1079	1768.157955
1080	1601.428492
1081	1803.394461
1082	1627.182206
1083	1645.221281
1084	1675.071293
1085	1745.387085
1086	2000.154796
1087	1763.744034
1088	1619.759729
1089	1599.377034
1090	1747.411781
1091	1605.924045
1092	1903.096856
1093	1853.279173
1094	1716.566811
1095	1514.630639
1096	1920.831289
1097	1913.198748
1098	1942.650827
1099	1703.104386
1100	1861.644937
1101	1685.337679
1102	1546.446793
1103	1922.425281
1104	1756.637155
1105	1610.940219
1106	1688.203789
1107	1730.800425
1108	1641.661777
1109	1995.386400
1110	1872.718553
1111	1443.646036
1112	1710.160894
1113	1689.940913
1114	1737.657818
1115	1958.438209
1116	1790.765109
1117	1998.898975
1118	1700.656070
1119	2012.223401
1120	1744.256880
1121	1926.828172
1122	1798.307364
1123	2026.862169
1124	2017.551108
1125	1430.129885
1126	1720.468100
1127	1719.825035
1128	1917.044342
1129	1553.172434
1130	1888.665332
1131	1461.907700
1132	1818.382055
1133	2069.871959
1134	1854.890502
1135	1917.855708
1136	1988.273358
1137	2002.326894
1138	2055.706736
1139	1947.270717
1140	1961.250684
1141	1759.999168
1142	1787.184694
1143	1734.695134
1144	1636.729677
1145	1800.738036
1146	1517.546175
1147	1712.874458
1148	1855.092499
1149	1639.870702
1150	1683.428052
1151	1904.585609
1152	1897.394572
1153	1909.068247
1154	1659.670914
1155	1612.715837
1156	1966.224947
1157	1542.558158
1158	1905.890325
1159	1753.166408
1160	1453.964579
1161	1817.333411
1162	1907.899230
1163	1364.944736
1164	1550.452464
1165	1812.116949
1166	1521.997743
1167	1908.109093
1168	1784.104257
1169	1737.750580
1170	1825.170504
1171	1970.290526
1172	2176.208931
1173	1803.082720
1174	2069.850608
1175	1805.602637
1176	1751.682106
1177	1658.105489
1178	1659.724702
1179	1599.440287
1180	1686.945345
1181	2095.173093
1182	1629.369969
1183	1844.648540
1184	1787.517193
1185	1758.719133
1186	1710.205020
1187	1712.256396
1188	1636.230839
1189	1684.007848
1190	1607.356024
1191	1643.162652
1192	1556.963228
1193	1910.432894
1194	1962.840402
1195	1647.280036
1196	1919.579959
1197	2011.470834
1198	1821.483000
1199	2117.561100
1200	1816.817968
1201	1641.813709
1202	2188.789996
1203	1929.518383
1204	1620.177432
1205	1620.994152
1206	2091.734376
1207	1614.361901
1208	1355.953364
1209	1971.200839
1210	2010.677859
1211	1891.603241
1212	1995.004464
1213	1768.760339
1214	1753.143629
1215	1976.812875
1216	1712.636765
1217	1923.732884
1218	1442.886607
1219	2021.083724
1220	1643.805321
1221	1577.267485
1222	1416.552369
1223	1977.949373
1224	2000.418652
1225	1955.109947
1226	1739.249930
1227	2037.404133
1228	1826.149866
1229	1936.163388
1230	1874.663606
1231	1737.836965
1232	1841.521215
1233	2010.867035
1234	1636.624821
1235	1941.203420
1236	1851.209348
1237	1689.051587
1238	1935.411340
1239	1855.291461
1240	1536.936960
1241	1710.717195
1242	1926.840493
1243	1505.096868
1244	1690.392465
1245	1919.313804
1246	1763.237338
1247	1471.756926
1248	1536.639805
1249	2015.593852
1250	1600.151701
1251	1512.390654
1252	1905.571325
1253	2031.197793
1254	1649.774717
1255	1811.466082
1256	1697.532895
1257	1895.486747
1258	1622.885740
1259	1965.504882
1260	1566.891198
1261	2164.559354
1262	1841.898368
1263	1953.498006
1264	1759.710268
1265	1656.165094
1266	1742.621783
1267	2080.504401
1268	2011.269748
1269	1677.886868
1270	1680.622577
1271	2161.527861
1272	1895.273671
1273	1777.704388
1274	1778.953343
1275	1663.811472
1276	1769.650128
1277	1990.858070
1278	2056.303130
1279	1865.424573
1280	1918.638928
1281	1876.561603
1282	1748.073828
1283	1708.416436
1284	1528.310479
1285	1882.335366
1286	1948.992897
1287	1476.411880
1288	1849.291922
1289	1769.313974
1290	1723.733202
1291	1838.230087
1292	2017.143533
1293	1929.518280
1294	2116.751632
1295	1915.274121
1296	1912.913225
1297	2054.782733
1298	1380.368219
1299	1937.257600
1300	1589.216427
1301	1915.463532
1302	1443.836831
1303	1837.931209
1304	1835.067781
1305	1550.222164
1306	1563.745450
1307	1973.861120
1308	1703.155737
1309	1893.490908
1310	2024.695512
1311	1917.254630
1312	1667.769376
1313	1708.627723
1314	1852.542553
1315	1410.685477
1316	1490.484481
1317	1662.686954
1318	1576.473410
1319	1787.994869
1320	1669.489409
1321	1526.604959
1322	1852.941470
1323	1632.711027
1324	1905.887806
1325	1699.061530
1326	1751.360193
1327	1821.438902
1328	1790.088441
1329	1743.192058
1330	1558.221507
1331	1462.523028
1332	1618.621715
1333	1776.338315
1334	1798.225028
1335	1982.834092
1336	1833.367470
1337	1910.158004
1338	1543.304500
1339	1932.816599
1340	1987.224946
1341	2087.365740
1342	1904.550248
1343	1939.513154
1344	1638.527370
1345	1680.311918
1346	1996.587469
1347	1972.585140
1348	2023.612588
1349	1783.819060
1350	1835.000447
1351	1726.546472
1352	2016.635447
1353	1601.435451
1354	1734.057229
1355	2067.743344
1356	1835.043736
1357	1935.236915
1358	1992.743774
1359	1927.854293
1360	1904.804296
1361	1827.227982
1362	1596.707986
1363	1584.790115
1364	1716.313469
1365	1685.961975
1366	2098.021112
1367	1946.161309
1368	2008.815822
1369	2011.186270
1370	1967.152020
1371	1954.217552
1372	1869.981766
1373	2164.233953
1374	1914.057552
1375	1692.565303
1376	1317.240391
1377	1704.255032
1378	1668.030170
1379	1932.440469
1380	1842.330144
1381	2037.756687
1382	1947.087249
1383	1797.990618
1384	1596.236895
1385	1934.558582
1386	1787.512297
1387	1889.636353
1388	1682.270865
1389	1709.833084
1390	1773.099330
1391	2093.351806
1392	1762.665398
1393	1710.509749
1394	2025.381415
1395	2129.744375
1396	2041.730354
1397	1636.494224
1398	1677.414188
1399	1861.456976
1400	1970.536575
1401	1412.666951
1402	1789.719690
1403	1800.312178
1404	1954.507752
1405	1761.535221
1406	1521.183540
1407	1978.383202
1408	1520.155662
1409	1911.019764
1410	1932.141837
1411	1858.952867
1412	2055.861585
1413	1936.271405
1414	1359.916905
1415	1945.025870
1416	1567.764643
1417	1651.274964
1418	1870.249178
1419	1767.460384
1420	1717.810007
1421	1998.328443
1422	1552.483116
1423	1597.860426
1424	1971.618623
1425	1755.983481
1426	1570.884000
1427	1874.407823
1428	1949.874085
1429	2053.662378
1430	1806.080762
1431	1629.762092
1432	1987.767926
1433	1936.249481
1434	1800.231966
1435	1889.719737
1436	1863.494653
1437	2114.349102
1438	1946.716926
1439	1844.786577
1440	1931.881496
1441	1985.620081
1442	1639.301425
1443	1978.806135
1444	1965.005808
1445	1928.967438
1446	2001.826574
1447	1792.607000
1448	1925.207909
1449	1898.646203
1450	1680.244378
1451	1908.411022
1452	1699.917540
1453	2020.137721
1454	1960.849553
1455	1352.004798
1456	1510.795541
1457	2002.896210
1458	1539.879322
1459	1746.957704
1460	2032.140799
1461	1947.656276
1462	2136.165732
1463	1725.612272
1464	1988.671001
1465	2016.340766
1466	1706.912361
1467	1714.488767
1468	1914.640759
1469	1745.439292
1470	1809.726693
1471	1851.771340
1472	1810.195523
1473	1796.294653
1474	1863.987585
1475	1824.241806
1476	1636.069557
1477	1738.467902
1478	1950.560688
1479	1911.663356
1480	2056.800343
1481	1928.953073
1482	1808.870524
1483	1784.991700
1484	1747.067834
1485	1358.794457
1486	1909.106713
1487	2057.630198
1488	1539.965855
1489	2080.796489
1490	2049.529543
1491	1679.057165
1492	1808.761737
1493	1505.982737
1494	2035.823194
1495	1924.417893
1496	1580.333151
1497	1782.617278
1498	1885.144201
1499	1705.112016
1500	2012.823728
1501	1787.916168
1502	1493.440555
1503	1487.288646
1504	1298.706494
1505	1740.840956
1506	2041.359714
1507	1904.304782
1508	2048.925476
1509	1617.784424
1510	1979.009579
1511	1786.723864
1512	1825.120754
1513	1951.943270
1514	2005.405528
1515	1870.981903
1516	1757.926104
1517	1515.057194
1518	1658.755458
1519	1770.920984
1520	1684.724762
1521	1699.282655
1522	1739.709267
1523	1738.220960
1524	1601.998351
1525	1454.801209
1526	1808.699227
1527	1688.498589
1528	1741.347610
1529	1845.448906
1530	1861.404860
1531	1884.979125
1532	1920.868671
1533	1995.618457
1534	1768.827084
1535	2058.419934
1536	1731.414650
1537	2033.813988
1538	1866.961025
1539	1797.271993
1540	2000.204247
1541	1778.659289
1542	1964.176616
1543	1535.822548
1544	2017.809783
1545	1791.769731
1546	1654.491726
1547	1566.476161
1548	1680.499476
1549	1958.252024
1550	1705.240012
1551	1686.721548
1552	1368.803622
1553	1919.386202
1554	1792.068713
1555	1778.578907
1556	1717.684661
1557	1566.038206
1558	1720.188663
1559	1878.952222
1560	1844.489549
1561	1966.446131
1562	1493.300388
1563	1685.437588
1564	1427.838033
1565	1272.224380
1566	1536.726562
1567	1876.876372
1568	1753.029491
1569	1608.414437
1570	1780.705437
1571	1924.073542
1572	1626.558179
1573	1612.578855
1574	1731.442889
1575	1567.486094
1576	1832.212031
1577	1400.621954
1578	1632.525955
1579	1632.479215
1580	1684.588569
1581	1404.187859
1582	1991.715822
1583	2006.652480
1584	1929.415833
1585	1999.797856
1586	2116.362067
1587	1689.024666
1588	1845.261342
1589	1790.798410
1590	1724.736744
1591	1675.464015
1592	1999.537964
1593	1994.998974
1594	1711.618132
1595	1833.864988
1596	1922.639199
1597	1882.491689
1598	1711.482425
1599	2013.775391
1600	1960.167116
1601	1920.288432
1602	2150.437293
1603	1756.877412
1604	1725.296876
1605	1984.220351
1606	1590.211968
1607	1748.088271
1608	2093.925998
1609	1849.236887
1610	1662.402503
1611	1486.712514
1612	1942.491097
1613	1974.852540
1614	2037.768549
1615	2040.403692
1616	1843.395953
1617	1413.896804
1618	1908.942131
1619	1785.364874
1620	1671.722720
1621	1866.309099
1622	1734.961234
1623	2047.204022
1624	1914.174641
1625	1995.229218
1626	1957.311645
1627	2054.708842
1628	1936.772899
1629	1545.266587
1630	1770.195268
1631	1592.655944
1632	1560.835079
1633	1930.844864
1634	1867.938633
1635	1684.228485
1636	1820.293196
1637	1722.550580
1638	1990.140046
1639	1797.111506
1640	1857.155121
1641	1762.500597
1642	1941.463146
1643	1733.762394
1644	1711.337916
1645	1671.283030
1646	1738.971377
1647	1977.164609
1648	1902.120503
1649	2057.812378
1650	1787.852396
1651	1391.621732
1652	1976.543729
1653	1783.162730
1654	1893.745103
1655	1624.099076
1656	1407.241237
1657	1616.295821
1658	1429.936263
1659	1690.939308
1660	1936.865617
1661	1643.348510
1662	1832.325023
1663	1577.627688
1664	1374.789479
1665	1646.975519
1666	1544.403777
1667	2033.309803
1668	1768.541846
1669	1933.416761
1670	1920.393296
1671	1717.526227
1672	1949.554411
1673	1795.902021
1674	1616.626071
1675	1983.984169
1676	1613.100899
1677	1984.519732
1678	1775.265159
1679	1868.210359
1680	1681.676659
1681	1670.568464
1682	1669.527178
1683	1765.589830
1684	2030.014605
1685	1929.471922
1686	1680.101009
1687	1653.220824
1688	1604.761627
1689	1877.306122
1690	1786.154079
1691	1663.589955
1692	1517.377407
1693	1738.769880
1694	1496.740614
1695	1623.967410
1696	1457.144738
1697	1951.928594
1698	1593.040873
1699	1743.639661
1700	1586.703503
1701	2019.986466
1702	1776.011497
1703	1785.696553
1704	1803.471874
1705	1649.613052
1706	1938.018314
1707	1726.594757
1708	1884.411570
1709	1744.158088
1710	1906.694690
1711	1870.511654
1712	1765.439654
1713	1902.981173
1714	1845.605891
1715	1957.830881
1716	1657.619656
1717	1846.419873
1718	1915.811849
1719	1867.620983
1720	1974.555270
1721	1721.863978
1722	1746.831773
1723	1599.902347
1724	1732.474135
1725	1738.817289
1726	2026.416545
1727	1728.813369
1728	2033.636027
1729	2075.870275
1730	1926.187027
1731	1483.136831
1732	1944.206292
1733	1731.394999
1734	1845.279842
1735	1992.243742
1736	1894.242308
1737	1760.711285
1738	1879.296875
1739	1681.262491
1740	1655.924808
1741	1773.646140
1742	1712.191653
1743	1929.926476
1744	1917.800482
1745	1755.602741
1746	1837.606849
1747	1658.018471
1748	1820.984745
1749	1937.824195
1750	1872.502570
1751	1770.141456
1752	1984.427405
1753	1535.810348
1754	1875.162090
1755	1868.403126
1756	1909.156266
1757	1976.829802
1758	1991.004372
1759	1800.743312
1760	2006.591704
1761	2073.445732
1762	1763.631554
1763	1893.505295
1764	2058.346630
1765	2015.093319
1766	1734.590219
1767	1986.435891
1768	2072.155062
1769	1729.746647
1770	1896.483899
1771	1951.849224
1772	2100.636617
1773	1782.503539
1774	1928.142086
1775	1893.329426
1776	2032.536033
1777	1900.275826
1778	1983.843468
1779	1916.153455
1780	1952.020436
1781	1769.936359
1782	1714.618796
1783	1837.596083
1784	1593.734754
1785	1912.495461
1786	2127.470828
1787	1799.012858
1788	1733.226694
1789	1629.807275
1790	1932.320195
1791	1636.819354
1792	1887.341940
1793	2067.339047
1794	1812.679784
1795	2126.588095
1796	1932.152532
1797	1914.385670
1798	1959.820413
1799	1691.268418
1800	2063.937702
1801	1972.674213
1802	1947.300616
1803	2080.928767
1804	1691.551010
1805	1985.182441
1806	1586.342642
1807	1858.841019
1808	1931.601554
1809	1911.626369
1810	2088.890310
1811	1836.327479
1812	2019.699582
1813	2011.178910
1814	1875.112871
1815	2068.908029
1816	2038.200578
1817	1847.324065
1818	1679.271197
1819	2001.744734
1820	1826.283460
1821	1843.309957
1822	1737.157635
1823	1672.228899
1824	1915.417596
1825	2003.246192
1826	1936.125226
1827	1766.407381
1828	1795.577083
1829	1758.569191
1830	1754.287270
1831	1912.506141
1832	1881.326096
1833	1901.797355
1834	2060.819458
1835	1546.829500
1836	1917.190370
1837	1383.248161
1838	1930.888727
1839	1973.292855
1840	1749.932605
1841	1928.564381
1842	1816.542811
1843	1730.499869
1844	1458.343219
1845	1908.264979
1846	2095.805590
1847	1856.189236
1848	1948.830441
1849	1593.725509
1850	1618.640938
1851	2030.313088
1852	1552.411141
1853	1944.367418
1854	2083.042445
1855	1890.260513
1856	1929.978980
1857	1927.053405
1858	1861.569943
1859	1940.920349
1860	1610.461809
1861	1657.059286
1862	1614.968433
1863	2144.883194
1864	1665.873498
1865	1792.348368
1866	2041.657148
1867	1946.788576
1868	1826.876734
1869	1801.739128
1870	1956.220834
1871	2082.138800
1872	2021.465081
1873	1907.169806
1874	1986.881153
1875	1877.419432
1876	1949.071626
1877	1955.858243
1878	1995.087382
1879	1660.659233
1880	1965.054968
1881	1759.613338
1882	1880.874173
1883	2028.169250
1884	2062.356512
1885	1939.421081
1886	2033.466961
1887	1789.539717
1888	1742.624847
1889	2042.881852
1890	1529.466725
1891	1969.589219
1892	1903.441206
1893	1986.792556
1894	1912.977109
1895	2073.306196
1896	1922.356923
1897	1963.385298
1898	2047.793261
1899	2039.334944
1900	1980.748105
1901	2108.082736
1902	1966.579711
1903	1826.590059
1904	1923.361015
1905	1742.302510
1906	1531.148767
1907	1964.970826
1908	2037.562121
1909	1617.796428
1910	1958.132946
1911	1942.024561
1912	2038.821580
1913	1772.551691
1914	2062.031554
1915	1531.924337
1916	1846.518454
1917	1783.580430
1918	1982.512822
1919	1946.410688
1920	1647.130801
1921	1896.805419
1922	1628.164026
1923	1911.270063
1924	2036.730122
1925	1929.823309
1926	2017.660737
1927	1766.896342
1928	1597.563117
1929	1545.993050
1930	1725.545418
1931	1722.314725
1932	1924.827711
1933	1831.438263
1934	1908.181440
1935	1874.748451
1936	1641.519730
1937	1854.809928
1938	1943.640335
1939	1723.369451
1940	1908.796283
1941	1758.425406
1942	1766.985086
1943	1984.466869
1944	1918.473008
1945	1915.254066
1946	1654.566538
1947	1725.962522
1948	1827.338048
1949	1707.453808
1950	1800.377844
1951	1926.522623
1952	1771.185969
1953	1601.921577
1954	1944.602022
1955	1855.694438
1956	1869.907074
1957	2005.422672
1958	1497.720209
1959	1651.591017
1960	1987.224531
1961	1621.869087
1962	1762.613286
1963	1983.539349
1964	1903.580644
1965	2054.222343
1966	1735.689207
1967	2203.774421
1968	2012.238996
1969	1520.279004
1970	1945.063676
1971	1788.178216
1972	1594.984365
1973	1753.189842
1974	1965.887016
1975	1643.058074
1976	1596.908661
1977	1962.740515
1978	1506.506802
1979	1308.425309
1980	1878.648086
1981	1549.988287
1982	1878.920171
1983	1833.809081
1984	1830.014003
1985	1622.674095
1986	1673.470539
1987	1945.428418
1988	1618.433137
1989	1562.909402
1990	1589.364588
1991	1712.025797
1992	1938.431159
1993	1786.629181
1994	1651.904815
1995	1368.920308
1996	1857.377206
1997	1977.893562
1998	1945.791223
1999	2013.841035
2000	1318.438740
2001	1498.962468
2002	1747.573332
2003	1722.419658
2004	2004.272498
2005	1987.731149
2006	1601.446483
2007	1703.244414
2008	1776.386174
2009	2028.471285
2010	1891.415566
2011	1851.616118
2012	1971.576899
2013	1402.898494
2014	1459.549859
2015	1680.210410
2016	1958.046948
2017	1293.281098
2018	1854.799208
2019	1690.949975
2020	1941.217271
2021	1668.448952
2022	1984.061715
2023	1774.355238
2024	1910.172649
2025	1980.630736
2026	1907.263771
2027	1246.753561
2028	1505.535853
2029	1501.321102
2030	1914.565497
2031	1579.906805
2032	1958.837420
2033	1821.420871
2034	1727.785221
2035	1813.548364
2036	2130.062486
2037	2027.492907
2038	1762.540897
2039	1429.011534
2040	1941.814046
2041	1470.948462
2042	1783.517422
2043	1898.493127
2044	1929.030079
2045	1802.207843
2046	1674.763485
2047	1935.380665
2048	2036.312316
2049	1833.633442
2050	2007.695799
2051	1510.846658
2052	2064.703409
2053	2114.892380
2054	1685.891660
2055	1925.720264
2056	1969.117462
2057	1666.566441
2058	1928.834866
2059	1559.068939
2060	1761.902021
2061	2028.794224
2062	1657.046203
2063	1810.358071
2064	1926.595156
2065	1585.318684
2066	1917.532682
2067	1668.162215
2068	1796.612609
2069	1917.295604
2070	1467.772840
2071	1889.038556
2072	1892.249698
2073	1958.574838
2074	1979.944353
2075	1687.314315
2076	2072.869750
2077	1922.574051
2078	1646.141043
2079	1909.404635
2080	1751.649262
2081	1609.939601
2082	1644.321022
2083	1644.294380
2084	1573.420873
2085	1679.910448
2086	1903.715093
2087	1776.407092
2088	2161.418888
2089	1708.564412
2090	2004.732295
2091	2045.411236
2092	1697.207133
2093	1715.219162
2094	2063.259800
2095	1694.005176
2096	1687.186343
2097	1708.615484
2098	2089.758991
2099	2072.484891
2100	1867.586796
2101	1624.065977
2102	2090.723084
2103	1989.980939
2104	1636.058122
2105	1429.206038
2106	1684.323334
2107	2048.883079
2108	2081.440751
2109	1452.094429
2110	1922.783016
2111	1957.921850
2112	1820.448281
2113	1934.709051
2114	1966.046035
2115	1780.051444
2116	2021.432265
2117	1907.632121
2118	1949.214162
2119	2031.911637
2120	1656.510891
2121	1656.649352
2122	1913.754821
2123	1688.974398
2124	2085.570014
2125	1803.902352
2126	1823.649094
2127	1861.115238
2128	1758.149039
2129	1949.268212
2130	1914.635550
2131	2111.841536
2132	1855.363268
2133	2047.386246
2134	1982.978063
2135	1732.626464
2136	1479.665707
2137	1856.372299
2138	1861.268108
2139	1689.344561
2140	1475.356924
2141	1528.091465
2142	1635.879659
2143	1813.369612
2144	1481.873084
2145	1825.452044
2146	1931.590496
2147	1795.078606
2148	2002.176195
2149	1925.001003
2150	1893.548642
2151	1828.058990
2152	1528.994511
2153	1657.046390
2154	1953.303762
2155	1909.222547
2156	1955.679353
2157	1842.248739
2158	1955.058808
2159	1705.393012
2160	1849.785792
2161	1933.594043
2162	2075.422023
2163	1734.566943
2164	2026.085150
2165	2089.295614
2166	1983.398769
2167	1934.683326
2168	2038.319571
2169	2018.137911
2170	2038.401032
2171	1909.039280
2172	1988.023060
2173	1979.061555
2174	1847.067828
2175	2100.393760
2176	1928.631657
2177	1850.858820
2178	2052.429996
2179	1671.849071
2180	1732.487994
2181	1588.081450
2182	1566.242970
2183	1476.335864
2184	1746.381142
2185	1621.967647
2186	1689.358870
2187	1771.040890
2188	1625.610059
2189	1817.504184
2190	1833.256879
2191	1723.658760
2192	1726.619898
2193	1856.902516
2194	1715.829484
2195	1511.669543
2196	1293.018675
2197	1931.321262
2198	1992.909851
2199	1897.150470
2200	1726.292343
2201	1730.427628
2202	2011.179861
2203	1764.493989
2204	1951.046720
2205	1924.713346
2206	1986.383474
2207	2012.665965
2208	1960.215600
2209	1606.373860
2210	1843.142432
2211	1617.457375
2212	1737.900132
2213	1681.239475
2214	1750.772905
2215	1623.407018
2216	1923.876234
2217	1890.943501
2218	1638.582911
2219	1926.665735
2220	1817.752159
2221	1824.229807
2222	1880.020821
2223	1888.381027
2224	1934.597360
2225	1886.803842
2226	1799.705192
2227	1587.498017
2228	1791.258168
2229	1665.513550
2230	1671.735668
2231	1727.413591
2232	1782.015929
2233	1912.758968
2234	1460.629204
2235	1917.984319
2236	1588.004446
2237	2012.993652
2238	1829.913035
2239	1570.558100
2240	1565.095439
2241	1587.657872
2242	1515.212968
2243	1500.665281
2244	1439.883085
2245	1437.603546
2246	1511.171242
2247	1736.439590
2248	1619.939052
2249	1930.853499
2250	1749.366209
2251	1671.720756
2252	1807.058397
2253	1772.646888
2254	1936.318856
2255	1406.030607
2256	1870.417584
2257	1727.689971
2258	1631.919901
2259	1805.825824
2260	1553.985859
2261	1827.485417
2262	1490.194236
2263	1627.838787
2264	1643.144164
2265	1755.889505
2266	1965.793339
2267	1925.272778
2268	1765.909360
2269	1773.300676
2270	1821.256105
2271	1747.877971
2272	1646.719639
2273	1516.678443
2274	2004.648764
2275	1747.458969
2276	1665.660285
2277	2032.483132
2278	1944.942051
2279	1837.808195
2280	1728.795504
2281	2034.857450
2282	1619.330357
2283	2006.020237
2284	1796.541801
2285	1913.865963
2286	1816.883562
2287	1576.001042
2288	1928.684764
2289	1864.467629
2290	2033.381448
2291	1466.241538
2292	1670.320014
2293	1768.721648
2294	1837.177145
2295	2076.558357
2296	1944.564920
2297	1935.668082
2298	1951.596634
2299	1710.684851
2300	1915.112329
2301	1648.444703
2302	1777.520579
2303	2012.207850
2304	1545.347009
2305	1545.207343
2306	1971.836365
2307	1814.975027
2308	2032.669923
2309	1492.431374
2310	2067.512705
2311	1825.756394
2312	1795.097286
2313	1857.666599
2314	1948.483228
2315	1972.300407
2316	1694.138864
2317	1882.172849
2318	1633.850213
2319	1984.080395
2320	1950.438996
2321	1754.641324
2322	1859.721841
2323	1535.999728
2324	1800.628070
2325	1796.922210
2326	1773.046126
2327	1760.622595
2328	1806.844243
2329	1952.484594
2330	1632.359462
2331	1894.939283
2332	1920.939399
2333	2226.957508
2334	1740.541530
2335	2000.852709
2336	1687.968754
2337	1897.115509
2338	2058.557256
2339	1591.436071
2340	1924.441588
2341	2017.689477
2342	1443.826195
2343	2058.276815
2344	1697.754656
2345	1824.907617
2346	1500.795986
2347	2062.584732
2348	1790.215462
2349	1821.733079
2350	1645.983662
2351	1944.995817
2352	1711.773817
2353	1850.445045
2354	2025.646535
2355	1940.280419
2356	1749.466608
2357	1928.108458
2358	1949.210939
2359	1785.527451
2360	1950.645933
2361	1868.383731
2362	1838.073034
2363	1633.275209
2364	1991.116614
2365	1773.704657
2366	1608.071714
2367	1271.523555
2368	2046.908804
2369	1574.890470
2370	1269.513995
2371	1444.553226
2372	1971.673202
2373	1755.986203
2374	1813.778640
2375	2019.984429
2376	1826.948741
2377	1786.149833
2378	1551.319406
2379	1918.959191
2380	1991.984534
2381	1914.922115
2382	2091.143580
2383	2124.251396
2384	1932.549451
2385	1567.475020
2386	1393.568807
2387	1634.757993
2388	1398.544448
2389	1443.189660
2390	1376.578096
2391	2032.053075
2392	1692.718210
2393	1543.622256
2394	1716.014346
2395	1693.887330
2396	1814.412251
2397	1698.122369
2398	1616.421686
2399	1981.507698
2400	2030.364304
2401	2026.860023
2402	1776.086122
2403	1495.070434
2404	1903.261584
2405	1484.028344
2406	1727.919478
2407	1520.388979
2408	1939.986631
2409	1449.658171
2410	1934.814171
2411	1729.716004
2412	1926.413918
2413	1671.564561
2414	1658.632461
2415	1970.612983
2416	1938.737340
2417	1701.618292
2418	1694.363545
2419	1706.806200
2420	1698.964269
2421	1603.437697
2422	2031.539915
2423	1819.548579
2424	1866.625056
2425	1744.004617
2426	1874.882395
2427	1748.602309
2428	1848.651882
2429	2016.434876
2430	1911.191302
2431	1791.687747
2432	2005.930779
2433	1943.688243
2434	2047.391632
2435	1655.073487
2436	1831.973368
2437	1665.494790
2438	1843.444373
2439	1926.040117
2440	1900.390761
2441	1890.735438
2442	1765.106107
2443	1815.136319
2444	2112.046508
2445	2153.044928
2446	1907.265179
2447	1936.593264
2448	2151.698631
2449	1913.091675
2450	1902.359662
2451	1743.563681
2452	1910.698097
2453	1486.431186
2454	1964.394221
2455	1897.704795
2456	1507.357674
2457	1734.036658
2458	1815.042032
2459	1653.369328
2460	1728.837675
2461	1930.495306
2462	1926.513715
2463	1729.145494
2464	1924.058949
2465	1949.781167
2466	1842.888245
2467	1903.944278
2468	1939.526274
2469	1987.472982
2470	1648.885426
2471	1941.852646
2472	1679.724338
2473	1917.941416
2474	2055.350030
2475	1932.616894
2476	1999.066953
2477	1994.422841
2478	1933.348352
2479	1817.256429
2480	1798.483435
2481	1871.224621
2482	1952.786262
2483	1885.199727
2484	1470.384344
2485	1647.880636
2486	1839.180518
2487	1616.453337
2488	1797.544586
2489	2177.218581
2490	1920.793107
2491	1576.280157
2492	1917.128151
2493	2094.834674
2494	2015.236417
2495	1687.050446
2496	1851.099705
2497	1897.401462
2498	1662.493644
2499	1748.674025
2500	2152.656264
2501	1671.305296
2502	1801.888826
2503	1645.980930
2504	1793.706034
2505	1588.670357
2506	1633.137346
2507	1751.249559
2508	1864.854141
2509	1656.309777
2510	2110.858105
2511	2017.291757
2512	1911.623227
2513	1913.132349
2514	2036.567127
2515	1814.135059
2516	1717.877130
2517	1843.266265
2518	2063.260511
2519	2143.417716
2520	2093.679099
2521	1491.535380
2522	1939.725482
2523	2059.496542
2524	1442.855256
2525	2016.752894
2526	1832.599673
2527	1558.238810
2528	1849.375699
2529	1942.565001
2530	1781.557074
2531	1664.806296
2532	2110.087070
2533	1552.353208
2534	1914.989565
2535	1817.421380
2536	1797.154591
2537	1907.322677
2538	1500.801845
2539	2076.903850
2540	1795.815801
2541	1984.568895
2542	1966.077894
2543	1980.870842
2544	1942.042109
2545	1654.849932
2546	1851.137307
2547	1949.144646
2548	1955.463191
2549	1946.893910
2550	2094.387357
2551	1608.935105
2552	1608.386573
2553	1716.699114
2554	1965.818292
2555	1739.062695
2556	1722.924735
2557	1930.798912
2558	1809.827562
2559	1764.968562
2560	1571.778063
2561	2128.563891
2562	1795.265588
2563	1841.489108
2564	2026.070915
2565	1715.569114
2566	1755.217993
2567	1822.489295
2568	1920.284632
2569	1837.962951
2570	1732.151112
2571	1834.550723
2572	1542.394185
2573	1782.543986
2574	2138.294240
2575	1710.300023
2576	1782.383738
2577	1906.812295
2578	1356.693014
2579	1410.046461
2580	2073.255904
2581	1940.331630
2582	1954.025244
2583	1490.195549
2584	1603.118483
2585	1554.541406
2586	1466.357921
2587	1980.380892
2588	1989.786442
2589	1856.887618
2590	1592.483417
2591	1730.216740
2592	1892.594400
2593	1860.053444
2594	1641.036786
2595	2151.204576
2596	2098.816530
2597	2066.252926
2598	1942.696493
2599	1785.057600
2600	1764.563431
2601	1783.349453
2602	1527.712212
2603	1719.779746
2604	1991.095931
2605	1822.138843
2606	1569.334478
2607	1952.488432
2608	1602.291219
2609	2018.247226
2610	1802.637325
2611	2012.644629
2612	1902.824275
2613	1956.876626
2614	1938.056987
2615	2073.108386
2616	1775.320796
2617	1960.941689
2618	2075.251057
2619	1775.954896
2620	1986.445382
2621	1926.437098
2622	2029.596237
2623	1977.628001
2624	1985.615991
2625	1707.662804
2626	1654.451698
2627	1829.897511
2628	2004.877065
2629	1978.655221
2630	1995.105875
2631	1709.013266
2632	1534.077355
2633	2098.398526
2634	1919.517383
2635	1852.366729
2636	1309.681861
2637	2135.586023
2638	2006.530649
2639	1940.151003
2640	1940.852696
2641	1695.360019
2642	1834.742263
2643	1500.969938
2644	2062.270261
2645	2083.071068
2646	1869.192810
2647	1982.617059
2648	1977.592255
2649	2004.755898
2650	1729.469949
2651	1575.157196
2652	1990.062494
2653	1743.902953
2654	1922.818309
2655	1821.850005
2656	1441.066298
2657	1861.327081
2658	1997.014696
2659	1684.555903
2660	1718.687055
2661	1410.520495
2662	1704.577133
2663	1517.753209
2664	1530.177331
2665	1437.192908
2666	1771.762518
2667	2001.397637
2668	1998.525179
2669	2046.220328
2670	2092.067958
2671	1773.584953
2672	1934.224147
2673	1987.784464
2674	2106.105389
2675	1781.445051
2676	1594.003021
2677	1629.019387
2678	2042.449175
2679	1912.880584
2680	1909.042585
2681	1593.278998
2682	2010.824127
2683	1342.696321
2684	1640.091436
2685	1342.650788
2686	1702.996858
2687	1961.733891
2688	1960.109509
2689	1674.290138
2690	1927.570385
2691	1886.138964
2692	2047.011987
2693	1978.904283
2694	1660.995772
2695	1806.146501
2696	1436.267402
2697	1495.745467
2698	2029.099274
2699	1772.116098
2700	2030.715699
2701	2052.548483
2702	1916.256362
2703	1945.896343
2704	1821.958165
2705	1671.850547
2706	1931.567445
2707	1493.835997
2708	1805.250272
2709	1485.649753
2710	1666.760276
2711	1934.500748
2712	1971.850957
2713	1873.345190
2714	2074.264074
2715	1908.439386
2716	2136.894937
2717	1940.485990
2718	1912.998189
2719	1499.083730
2720	2186.056691
2721	1787.292886
2722	1943.106391
2723	1806.341743
2724	1892.351449
2725	2000.398085
2726	1752.212352
2727	2062.442027
2728	1912.543226
2729	1987.090120
2730	1986.842700
2731	2253.753004
2732	1961.432257
2733	2035.884653
2734	1720.262093
2735	1936.824860
2736	2005.104343
2737	2020.499470
2738	1614.691542
2739	1368.050235
2740	1718.245579
2741	1839.028238
2742	2027.585155
2743	2041.640580
2744	1858.806756
2745	1916.770789
2746	2036.257088
2747	1937.977417
2748	2099.411042
2749	1923.979898
2750	1790.314714
2751	1620.526313
2752	1686.973275
2753	1972.211677
2754	2043.040848
2755	1904.739678
2756	2020.849358
2757	2089.516295
2758	2129.293360
2759	2146.129649
2760	2176.543993
2761	1784.894692
2762	1912.118461
2763	1897.280175
2764	2087.092180
2765	2009.855560
2766	1586.840359
2767	1924.741146
2768	2002.280784
2769	1776.705689
2770	1603.627984
2771	1760.044853
2772	1921.509725
2773	1743.075637
2774	1842.022327
2775	1899.219044
2776	1773.890634
2777	1819.248667
2778	1896.824937
2779	2126.451256
2780	2087.161046
2781	1816.632783
2782	1844.555867
2783	2070.256986
2784	1809.068889
2785	1642.897700
2786	1935.294806
2787	2009.896686
2788	1713.458036
2789	2007.055626
2790	1675.380595
2791	2118.433540
2792	2054.231974
2793	2055.805877
2794	1805.504761
2795	1708.204371
2796	1952.533631
2797	1854.528346
2798	1967.066464
2799	1933.322717
2800	1916.765658
2801	2091.604675
2802	1810.919387
2803	1898.734730
2804	1832.842430
2805	2049.461928
2806	1965.059579
2807	1909.407709
2808	2012.769605
2809	1952.049272
2810	1991.231198
2811	1987.530698
2812	1813.148521
2813	1871.309853
2814	2033.082415
2815	1954.515146
2816	1976.870634
2817	1760.651536
2818	1638.055852
2819	2138.786399
2820	2098.024804
2821	1972.771087
2822	2073.102763
2823	1879.753490
2824	1953.231642
2825	1950.367257
2826	2079.249362
2827	1979.979421
2828	1542.917135
2829	1791.650074
2830	2137.839822
2831	1944.332565
2832	1851.247376
2833	1752.369540
2834	1903.603672
2835	2103.938432
2836	2009.407243
2837	1626.374699
2838	2078.156322
2839	1951.885094
2840	1549.019887
2841	2001.778807
2842	1749.473308
2843	2012.283550
2844	2187.023454
2845	1934.526862
2846	1889.624679
2847	1790.953112
2848	1770.352389
2849	1874.343455
2850	1872.205412
2851	1704.065817
2852	1818.068378
2853	1529.378101
2854	1937.438196
2855	1760.835487
2856	1984.370360
2857	1656.641032
2858	2004.997604
2859	2009.489129
2860	1586.248881
2861	1990.336753
2862	1965.594018
2863	1829.569862
2864	1626.759530
2865	1988.399156
2866	1774.094205
2867	1666.036334
2868	1993.870265
2869	1859.051290
2870	1942.523307
2871	1513.887446
2872	2093.645096
2873	1762.442518
2874	2013.026618
2875	1810.432184
2876	1596.490495
2877	1882.474957
2878	1897.081073
2879	2013.867625
2880	2042.876214
2881	1860.969983
2882	2008.637405
2883	1941.628708
2884	1909.698636
2885	1890.149025
2886	1920.159287
2887	1927.439702
2888	2012.884275
2889	2185.941492
2890	2021.956781
2891	1733.711859
2892	1585.176846
2893	1968.025114
2894	1726.931824
2895	1827.747757
2896	2044.257745
2897	1913.242168
2898	2183.883348
2899	2124.391244
2900	1894.747540
2901	1939.083682
2902	1970.987184
2903	1909.426831
2904	1457.245429
2905	1936.022248
2906	1987.936903
2907	1544.143268
2908	1939.710711
2909	1491.780985
2910	1758.652555
2911	1701.107686
2912	1906.102295
2913	2098.877354
2914	1653.931716
2915	2079.250887
2916	1977.187955
2917	1919.839380
2918	1611.180041
2919	2029.267746
2920	1837.000152
2921	2116.826042
2922	2060.947017
2923	1763.614456
2924	1793.932260
2925	1996.441059
2926	1700.285007
2927	2012.719460
2928	1941.469385
2929	1920.958592
2930	2033.096638
2931	1907.149346
2932	1896.681150
2933	2078.289968
2934	2014.270556
2935	1694.392025
2936	2168.174285
2937	2069.409422
2938	1935.245252
2939	1896.756467
2940	1723.672571
2941	1458.888811
2942	1813.352846
2943	1994.738927
2944	2044.957752
2945	1642.487627
2946	2015.943727
2947	1906.952372
2948	1567.043746
2949	1954.863708
2950	2100.016617
2951	1567.375172
2952	1887.925744
2953	1882.352545
2954	1650.379796
2955	1492.566283
2956	1926.728958
2957	1865.228551
2958	1777.841469
2959	1602.388365
2960	1667.230947
2961	1781.305423
2962	1735.228478
2963	1703.641013
2964	1935.582796
2965	1578.946237
2966	2232.350839
2967	2313.306689
2968	2062.971762
2969	2091.992115
2970	1925.943170
2971	1929.194182
2972	1901.403503
2973	1671.949868
2974	1900.323010
2975	1819.053694
2976	1845.703244
2977	1943.007311
2978	1803.437549
2979	1960.999112
2980	1960.271948
2981	1990.436052
2982	2066.029202
2983	1954.674572
2984	2015.980530
2985	1709.633669
2986	2005.478099
2987	1954.633517
2988	1934.193611
2989	2112.632823
2990	1899.941867
2991	1891.636231
2992	1957.208128
2993	1477.472911
2994	1775.088902
2995	1981.218393
2996	1521.574364
2997	2006.319242
2998	1909.371367
2999	1941.914773
3000	2114.669217
3001	1905.161329
3002	1764.889444
3003	1678.515591
3004	1977.265884
3005	1955.302268
3006	1503.774576
3007	1850.327958
3008	2022.886111
3009	1614.292279
3010	1968.209480
3011	2026.320814
3012	1817.557545
3013	1918.773617
3014	1781.520184
3015	2001.105182
3016	1902.757413
3017	1822.545054
3018	2053.002661
3019	1675.062418
3020	1652.739834
3021	1783.443388
3022	1599.390726
3023	1846.415008
3024	1768.506326
3025	1912.611368
3026	1796.675111
3027	1686.656192
3028	1969.395071
3029	2005.620045
3030	1310.298017
3031	1668.165322
3032	1262.868433
3033	1972.593355
3034	1994.042983
3035	1901.024329
3036	1477.833736
3037	1994.722627
3038	1919.712092
3039	1821.627022
3040	1652.210182
3041	1504.231918
3042	1764.805536
3043	2009.111839
3044	1643.511741
3045	1877.501370
3046	1906.798218
3047	1810.677163
3048	1785.773771
3049	1488.447656
3050	1339.147465
3051	1654.459479
3052	1738.498611
3053	1992.776421
3054	1728.733213
3055	1896.666604
3056	1886.145786
3057	2015.489943
3058	1903.082214
3059	1937.812483
3060	1792.093414
3061	1683.406877
3062	1470.537602
3063	2132.660862
3064	1895.813228
3065	2024.324400
3066	1772.501564
3067	1901.261259
3068	1690.216408
3069	1504.248210
3070	1422.756648
3071	1652.836650
3072	1982.996511
3073	1733.425408
3074	1773.974921
3075	1786.068617
3076	1916.754720
3077	1455.742555
3078	1483.069062
3079	2035.732332
3080	1676.519230
3081	1925.226223
3082	1936.383217
3083	1626.441548
3084	1679.330747
3085	1549.519600
3086	1440.821269
3087	1602.505725
3088	1642.242070
3089	1867.746594
3090	1473.878714
3091	1831.041451
3092	1851.767553
3093	1847.062974
3094	1279.824453
3095	1487.173216
3096	1501.310746
3097	1997.835393
3098	1832.244076
3099	1735.361853
3100	1516.842495
3101	1917.624431
3102	2192.384277
3103	1864.677047
3104	1895.491948
3105	1769.881063
3106	2158.191527
3107	1659.924678
3108	2093.343606
3109	1952.323159
3110	1993.754898
3111	1973.000251
3112	1826.262218
3113	1925.379298
3114	1943.753789
3115	1914.206672
3116	1826.992353
3117	1697.434056
3118	1824.288941
3119	1743.516237
3120	1955.704716
3121	2159.296841
3122	1717.961219
3123	1729.479901
3124	1902.041070
3125	1490.628147
3126	1429.963513
3127	1984.987654
3128	1766.163717
3129	1607.902185
3130	1683.167494
3131	2049.175643
3132	1463.014926
3133	1538.991608
3134	1701.686371
3135	2043.203502
3136	1914.581573
3137	2071.978867
3138	1626.363086
3139	1919.424281
3140	1943.815605
3141	1910.364145
3142	2008.787660
3143	1792.609369
3144	1958.963150
3145	2177.042277
3146	1710.242272
3147	2100.506301
3148	2056.095542
3149	1993.529664
3150	1826.020943
3151	1939.681880
3152	2083.878287
3153	1935.107930
3154	1597.665506
3155	1828.131898
3156	2088.706908
3157	1946.760312
3158	1829.878859
3159	1858.234807
3160	1947.004817
3161	1714.973245
3162	2058.256151
3163	2246.039996
3164	1929.099725
3165	1850.711422
3166	1970.174209
3167	1802.056921
3168	1942.014709
3169	1619.703683
3170	1795.859222
3171	1953.605427
3172	1874.886312
3173	1508.975344
3174	1723.268980
3175	1920.386613
3176	1383.827828
3177	1816.734920
3178	2048.277746
3179	1925.985565
3180	1580.854076
3181	1935.697211
3182	1686.192173
3183	1645.062531
3184	2064.553261
3185	1903.378929
3186	1601.156949
3187	1412.086938
3188	2060.967979
3189	1935.446674
3190	1786.927815
3191	1837.691962
3192	1849.092195
3193	1687.295951
3194	1451.055495
3195	1936.202087
3196	1707.843890
3197	1918.156154
3198	1955.487322
3199	1774.379440
3200	1993.968056
3201	1811.898620
3202	1755.453448
3203	1639.685446
3204	1964.319119
3205	2042.509031
3206	2052.261345
3207	1860.802495
3208	1638.289998
3209	2110.645628
3210	1495.842711
3211	1835.824769
3212	1997.913506
3213	1693.226750
3214	2090.922863
3215	2157.941232
3216	2041.717412
3217	1976.005286
3218	2071.661417
3219	1593.292282
3220	1751.372479
3221	1697.399160
3222	1737.320186
3223	2058.579706
3224	1574.801163
3225	1909.096242
3226	1791.679426
3227	1975.396781
3228	1938.344496
3229	1981.625788
3230	1849.809432
3231	2155.702932
3232	2072.638369
3233	1671.094183
3234	1776.790610
3235	1928.938760
3236	2220.755649
3237	1974.044660
3238	1948.735341
3239	1733.674373
3240	2024.453633
3241	1830.913829
3242	1927.756230
3243	1978.901566
3244	1885.848854
3245	2032.033832
3246	2157.347235
3247	1993.061637
3248	1920.284444
3249	1922.531884
3250	1724.506069
3251	1996.180305
3252	1666.045175
3253	1676.688824
3254	1717.433323
3255	1765.893770
3256	1709.066189
3257	1808.749021
3258	1687.011206
3259	1776.530273
3260	1910.658715
3261	1713.888492
3262	1728.521524
3263	1709.244981
3264	1493.839233
3265	1866.033268
3266	1969.121440
3267	1708.550632
3268	1641.272170
3269	1961.400732
3270	1755.854359
3271	2120.550249
3272	2001.553198
3273	1792.812714
3274	1988.426127
3275	1732.857538
3276	1660.130418
3277	1661.410332
3278	1759.608829
3279	1726.294484
3280	1558.236364
3281	1697.094512
3282	1790.163729
3283	2066.399174
3284	2110.032501
3285	1957.543453
3286	1617.679215
3287	1972.067435
3288	2046.368866
3289	2019.994028
3290	1824.589438
3291	1740.234300
3292	1640.483738
3293	2146.680099
3294	1824.329845
3295	1636.633555
3296	1995.267393
3297	1893.907080
3298	1852.767453
3299	1590.245527
3300	1744.116961
3301	1789.875525
3302	1399.567222
3303	1965.816940
3304	1797.166089
3305	1910.453371
3306	2016.607749
3307	1663.316151
3308	1871.140310
3309	1970.499554
3310	1754.621682
3311	1619.989715
3312	1831.722515
3313	1808.389786
3314	1795.611717
3315	1997.127548
3316	1792.297935
3317	1938.981891
3318	2017.276933
3319	2097.109817
3320	1626.646676
3321	1845.015246
3322	1827.767787
3323	2113.150726
3324	2152.911881
3325	1473.599050
3326	1739.415867
3327	1694.640625
3328	1851.669187
3329	1947.422065
3330	1990.355400
3331	1548.702171
3332	1807.501370
3333	1925.616022
3334	1868.679075
3335	1759.695124
3336	1974.962212
3337	2016.499248
3338	1567.311110
3339	2001.763604
3340	1752.762937
3341	1924.082856
3342	1687.565310
3343	1917.254901
3344	1999.649999
3345	1907.897007
3346	1860.996422
3347	1836.561154
3348	1652.655306
3349	1917.323436
3350	1999.586070
3351	1953.521477
3352	1726.219061
3353	2115.744041
3354	1775.002244
3355	2119.657732
3356	1776.990378
3357	1990.788509
3358	1923.753765
3359	1771.804109
3360	2138.372656
3361	1945.199771
3362	1816.164657
3363	1578.232495
3364	1461.107524
3365	1813.065469
3366	1702.100169
3367	1711.265085
3368	1853.293721
3369	2033.952311
3370	1972.551768
3371	1787.684554
3372	1564.514262
3373	1784.563937
3374	2007.372235
3375	2063.261923
3376	2129.046245
3377	2124.739797
3378	2007.164329
3379	1895.318279
3380	1910.090548
3381	1904.376636
3382	2013.126883
3383	1715.192632
3384	2014.666343
3385	1855.424919
3386	1691.287464
3387	1944.888008
3388	2068.448857
3389	2021.680988
3390	1680.122978
3391	2211.854852
3392	1999.878793
3393	1797.029071
3394	1929.003906
3395	2114.490352
3396	1964.113487
3397	1793.979218
3398	1808.626050
3399	2059.517545
3400	1900.964136
3401	1919.951953
3402	2071.686822
3403	2151.243919
3404	1850.185980
3405	2087.145482
3406	2008.229155
3407	1927.352105
3408	2058.752186
3409	2153.643874
3410	1962.195397
3411	1701.330327
3412	2142.656362
3413	2142.859033
3414	1677.837149
3415	1764.765400
3416	1689.905948
3417	1874.071647
3418	2186.278653
3419	2088.132561
3420	1684.741090
3421	1774.625129
3422	1832.085236
3423	1824.756009
3424	2180.605287
3425	1665.149312
3426	1958.391365
3427	1656.444084
3428	2173.907175
3429	2142.469898
3430	2019.063643
3431	2065.935142
3432	1833.547392
3433	1735.013603
3434	2116.324420
3435	1914.589279
3436	1677.173711
3437	1635.658268
3438	1502.003536
3439	2019.531505
3440	2010.841754
3441	2038.693181
3442	1954.335928
3443	2064.746032
3444	1614.289338
3445	1708.619620
3446	1778.388650
3447	2067.334879
3448	1921.031279
3449	1786.709479
3450	1719.208234
3451	1871.768550
3452	1722.875783
3453	2057.059694
3454	1744.363383
3455	1971.910357
3456	1785.437877
3457	1596.491267
3458	1646.096446
3459	1911.959767
3460	1816.763185
3461	1587.174325
3462	1988.394396
3463	1644.071933
3464	2121.506623
3465	1912.683123
3466	1785.742844
3467	2134.460759
3468	1648.074855
3469	1856.298942
3470	2204.256665
3471	2167.668786
3472	1934.803875
3473	1783.204775
3474	1731.232856
3475	1976.134944
3476	2247.859764
3477	2079.548384
3478	1797.233898
3479	2092.280295
3480	1531.203676
3481	1599.028786
3482	2123.303907
3483	1742.519974
3484	1907.800675
3485	1907.354715
3486	1905.362517
3487	1695.027452
3488	1784.100802
3489	1918.400414
3490	1969.624037
3491	1976.507676
3492	2016.379937
3493	1659.940996
3494	1839.650677
3495	1949.025090
3496	1617.808594
3497	1834.453530
3498	1665.483865
3499	2034.583432
3500	2020.634826
3501	2046.437455
3502	2029.574603
3503	2041.802593
3504	2142.720253
3505	1587.888807
3506	2003.420777
3507	1653.750398
3508	1970.899207
3509	1981.296365
3510	1987.249361
3511	2129.875848
3512	2072.336851
3513	2053.780305
3514	2088.376636
3515	1842.217256
3516	2220.857051
3517	1573.117226
3518	1486.469424
3519	1723.118214
3520	2079.227899
3521	1891.965465
3522	1569.360087
3523	2019.137516
3524	1795.943768
3525	1795.499379
3526	2027.399925
3527	1966.064261
3528	1723.130608
3529	1914.301814
3530	1975.613436
3531	1999.573781
3532	1909.769152
3533	1608.912871
3534	2171.514181
3535	1775.255938
3536	1592.897723
3537	1763.164759
3538	1998.991487
3539	2044.377623
3540	1776.687981
3541	2068.323142
3542	2075.601114
3543	1859.087727
3544	1826.096741
3545	1826.912542
3546	1929.878628
3547	1991.382362
3548	2017.236994
3549	2084.977188
3550	1942.673005
3551	1737.468473
3552	2040.576593
3553	1741.114430
3554	2053.654925
3555	2019.952514
3556	2008.583688
3557	1831.372106
3558	1862.548337
3559	2069.712368
3560	1897.492455
3561	1788.496489
3562	1926.681025
3563	1856.545945
3564	1839.192525
3565	1780.293298
3566	1653.218194
3567	1961.238246
3568	1639.485964
3569	2135.769510
3570	2032.409551
3571	2013.929543
3572	1724.121150
3573	1988.098768
3574	1724.268963
3575	1885.128052
3576	2040.344719
3577	2142.794855
3578	2097.521379
3579	1714.510671
3580	1937.012948
3581	1994.354036
3582	2052.089264
3583	2107.188214
3584	1766.535926
3585	2055.213493
3586	1996.785535
3587	2092.287700
3588	2041.108717
3589	1441.777435
3590	1919.619940
3591	1752.547351
3592	2013.167565
3593	2057.163131
3594	1902.638839
3595	2000.958342
3596	1958.251720
3597	1688.006936
3598	2033.663571
3599	1865.745271
3600	1933.418393
3601	1698.101705
3602	1680.523638
3603	1918.136466
3604	1996.056376
3605	1842.037736
3606	1948.710151
3607	2321.121940
3608	1955.667435
3609	1977.119875
3610	1927.454222
3611	1732.655834
3612	1822.352878
3613	1699.750475
3614	1733.310237
3615	1624.120142
3616	1586.347430
3617	1897.410423
3618	1517.134611
3619	1660.160320
3620	1436.943549
3621	1807.073182
3622	1775.617516
3623	1896.829651
3624	1605.018549
3625	1798.120683
3626	1541.900473
3627	1457.013073
3628	1578.495419
3629	1754.572752
3630	1917.176079
3631	1973.791531
3632	1255.071918
3633	2018.349521
3634	1936.543356
3635	1925.402000
3636	1968.024497
3637	1494.438370
3638	1930.834202
3639	1900.207655
3640	2023.958730
3641	1561.555914
3642	2050.953249
3643	2029.019092
3644	1941.406798
3645	2036.269512
3646	1588.585527
3647	2106.786464
3648	1939.717323
3649	1869.748654
3650	1451.278245
3651	1762.942424
3652	1711.122676
3653	1805.181287
3654	1743.598746
3655	1829.954464
3656	1920.806080
3657	1995.372125
3658	1866.364607
3659	1793.900798
3660	1528.169417
3661	1737.919269
3662	1847.963621
3663	1570.652250
3664	1606.825180
3665	1659.547927
3666	1720.811230
3667	1678.610640
3668	1728.033540
3669	1911.434177
3670	1646.850570
3671	1716.942763
3672	1461.697084
3673	1285.137629
3674	2082.233410
3675	1936.055953
3676	1803.388858
3677	2030.933126
3678	1828.483952
3679	1944.478508
3680	1749.537942
3681	1889.797232
3682	1798.363682
3683	1941.185892
3684	1787.442030
3685	1871.196074
3686	1894.870335
3687	1912.358036
3688	1980.453719
3689	2186.825122
3690	1957.404373
3691	1718.059120
3692	1648.217979
3693	1925.609946
3694	1905.486876
3695	1854.933745
3696	2041.332623
3697	1944.163179
3698	2028.038889
3699	2037.927500
3700	1894.270022
3701	1966.160203
3702	1901.237228
3703	2007.863074
3704	2164.888411
3705	1890.924427
3706	1838.881847
3707	1991.653870
3708	2021.345443
3709	1916.159892
3710	1957.834532
3711	1970.610982
3712	2199.120292
3713	1532.122711
3714	1819.472498
3715	2106.031529
3716	1658.562090
3717	1967.376548
3718	1938.284713
3719	1942.599459
3720	1586.567368
3721	2040.400775
3722	1922.363116
3723	1679.603674
3724	2023.818944
3725	2006.737349
3726	1940.958658
3727	2054.925567
3728	1762.588566
3729	1980.799816
3730	1974.384816
3731	1998.819864
3732	2219.327730
3733	1996.781991
3734	1507.015297
3735	1929.066254
3736	1905.774586
3737	1754.046834
3738	1916.577362
3739	2015.150793
3740	1852.735701
3741	2076.024510
3742	1974.623033
3743	1919.860427
3744	1786.817116
3745	1899.369029
3746	1768.681389
3747	1956.257712
3748	1562.332962
3749	1398.665300
3750	1564.508944
3751	1612.364016
3752	1782.046386
3753	1854.004969
3754	1688.387078
3755	2026.360220
3756	2005.725034
3757	2103.957569
3758	1864.768558
3759	1813.685230
3760	1949.564881
3761	1854.653629
3762	1954.352270
3763	1936.581098
3764	2054.408265
3765	1551.855884
3766	1844.649906
3767	1695.758443
3768	1877.879943
3769	1746.062563
3770	1851.172870
3771	1817.486271
3772	1730.120170
3773	1746.814181
3774	1934.146918
3775	2026.644452
3776	1858.651223
3777	1924.960230
3778	1789.320598
3779	1797.608145
3780	2107.391413
3781	1438.282755
3782	1365.862976
3783	1430.468937
3784	1731.447195
3785	1602.137830
3786	1271.688836
3787	1656.806146
3788	1628.068943
3789	1454.326634
3790	1500.461174
3791	1934.357438
3792	1953.509766
3793	1646.008840
3794	2060.593311
3795	1590.725065
3796	1582.377516
3797	1583.216883
3798	1917.950620
3799	1983.435534
3800	900.045755
3801	1052.641780
3802	1636.111780
3803	1769.773746
3804	1852.937312
3805	1930.120587
3806	1703.770266
3807	1664.755671
3808	1870.741067
3809	1919.440990
3810	1510.601828
3811	1976.192748
3812	2017.991531
3813	1934.879633
3814	2042.128994
3815	1911.864265
3816	2058.857587
3817	1930.367399
3818	2009.289567
3819	2012.407247
3820	1953.701459
3821	1897.320543
3822	1946.923912
3823	1952.922127
3824	1783.689272
3825	2118.104006
3826	1995.047482
3827	1917.903698
3828	1881.391429
3829	1926.151338
3830	1985.638429
3831	1939.538230
3832	2026.059785
3833	1887.994062
3834	1969.327357
3835	1980.452683
3836	1824.523577
3837	1575.695706
3838	1519.074462
3839	1550.370103
3840	1518.998729
3841	1525.840400
3842	1713.363898
3843	2117.224416
3844	1809.802036
3845	1798.163488
3846	1814.507985
3847	1976.845259
3848	1928.676537
3849	1845.436076
3850	2008.118544
3851	1955.485412
3852	1633.605669
3853	2057.332790
3854	1715.580859
3855	1689.626499
3856	1629.682004
3857	1828.244017
3858	1843.564491
3859	1791.408893
3860	1963.236946
3861	2004.061601
3862	1927.089562
3863	1962.354718
3864	1540.563753
3865	2104.307608
3866	1882.708662
3867	1920.409165
3868	2016.282599
3869	1767.749501
3870	2035.244035
3871	1960.702662
3872	1894.224976
3873	1992.518339
3874	1875.361921
3875	1905.872209
3876	1731.513006
3877	1688.705903
3878	2103.141957
3879	2008.477384
3880	1593.570756
3881	1541.617288
3882	2128.349453
3883	1890.786153
3884	1603.378653
3885	1604.824404
3886	1800.124376
3887	1927.638075
3888	1796.447737
3889	1916.917932
3890	1886.911541
3891	1500.000000
3892	1918.686106
3893	1889.967398
3894	1897.049981
3895	1953.333295
3896	1901.406577
3897	1989.961443
3898	1999.419271
3899	1967.790180
3900	2072.156504
3901	1800.461167
3902	1825.688096
3903	1862.747919
3904	1720.312341
3905	1782.660384
3906	2125.891718
3907	1719.768080
3908	2012.456875
3909	1911.546913
3910	1744.965976
3911	1960.756068
3912	2118.646673
3913	1414.783277
3914	1497.376940
3915	1911.630474
3916	1408.336267
3917	1474.682543
3918	1640.311232
3919	1688.924226
3920	1784.209937
3921	2000.951386
3922	1684.968427
3923	1903.025267
3924	1961.516581
3925	1715.411333
3926	2122.134737
3927	1924.511584
3928	1858.001687
3929	1922.794557
3930	1960.548780
3931	1688.063040
3932	1917.138427
3933	1590.913774
3934	1806.427889
3935	1649.589280
3936	1586.301748
3937	1771.419502
3938	1547.762117
3939	1944.145152
3940	1759.785278
3941	1790.607862
3942	1596.994178
3943	1593.436582
3944	1652.922135
3945	1694.186968
3946	1960.897138
3947	1562.700515
3948	1631.685345
3949	1706.787595
3950	1594.239528
3951	1565.812309
3952	1760.290829
3953	1725.644114
3954	1743.357285
3955	1659.956668
3956	1796.400727
3957	1721.130921
3958	1721.399988
3959	1839.141951
3960	1894.747114
3961	2007.857667
3962	2062.087923
3963	2110.424978
3964	1985.372791
3965	1517.755576
3966	1939.696451
3967	2207.906154
3968	2111.117457
3969	2083.125060
3970	1844.661372
3971	1714.469864
3972	1887.045018
3973	1826.276958
3974	1766.479479
3975	1955.494525
3976	1759.098013
3977	2055.570991
3978	1486.331683
3979	1645.233147
3980	1406.753779
3981	1654.403707
3982	1592.751241
3983	1482.614421
3984	1469.183371
3985	2032.953231
3986	1807.467397
3987	2110.227882
3988	1917.842514
3989	1816.313228
3990	2020.694046
3991	1706.775855
3992	1983.262756
3993	1892.133341
3994	1370.089467
3995	2122.686930
3996	2011.569762
3997	2051.862701
3998	1994.053394
3999	2003.127502
4000	1953.965160
4001	1925.283889
4002	1941.060235
4003	1905.983689
4004	1700.708278
4005	2122.863529
4006	1907.757342
4007	1932.455800
4008	2003.884160
4009	1613.078275
4010	1797.991168
4011	1569.501494
4012	2013.402383
4013	2051.173419
4014	1790.284702
4015	1742.495654
4016	1652.870916
4017	1941.907120
4018	1940.481345
4019	1824.782679
4020	1909.371779
4021	2035.157069
4022	1621.145989
4023	1799.135485
4024	1779.818063
4025	2052.683899
4026	1935.777582
4027	1851.805831
4028	1789.935265
4029	1754.927183
4030	1500.000000
4031	1928.377611
4032	2044.827091
4033	1804.738063
4034	1779.319373
4035	1884.891968
4036	2010.921161
4037	2031.896527
4038	1776.446736
4039	1842.026333
4040	2087.682782
4041	1745.046230
4042	1851.087550
4043	2017.150427
4044	1741.075524
4045	1938.736425
4046	2106.457572
4047	1729.157853
4048	1923.062061
4049	2005.490716
4050	1963.565828
4051	1859.390749
4052	1967.639494
4053	1911.966997
4054	1903.471884
